0.010000	2.000000e+03
0.060000	3.333333e+02
0.110000	1.818182e+02
0.160000	1.250000e+02
0.210000	9.523809e+01
0.260000	7.692308e+01
0.310000	6.451613e+01
0.360000	5.555555e+01
0.410000	4.878049e+01
0.460000	4.347826e+01
0.510000	3.921569e+01
0.560000	3.571428e+01
0.610000	3.278688e+01
0.660000	3.030303e+01
0.710000	2.816901e+01
0.760000	2.631579e+01
0.810000	2.469136e+01
0.860000	2.325581e+01
0.910000	2.197802e+01
0.960000	2.083333e+01
1.010000	1.980198e+01
1.060000	1.886792e+01
1.110000	1.801802e+01
1.160000	1.724138e+01
1.210000	1.652893e+01
1.260000	1.587302e+01
1.310000	1.526718e+01
1.360000	1.470588e+01
1.410000	1.418440e+01
1.460000	1.369863e+01
1.510000	1.324503e+01
1.560000	1.282052e+01
1.610000	1.242236e+01
1.660000	1.204820e+01
1.710000	1.169591e+01
1.760000	1.136365e+01
1.810000	1.104974e+01
1.860000	1.075271e+01
1.910000	1.047123e+01
1.960000	1.020412e+01
2.010000	9.950296e+00
2.060000	9.708798e+00
2.110000	9.478749e+00
2.160000	9.259354e+00
2.210000	9.049891e+00
2.260000	8.849700e+00
2.310000	8.658182e+00
2.360000	8.474784e+00
2.410000	8.299003e+00
2.460000	8.130374e+00
2.510000	7.968472e+00
2.560000	7.812902e+00
2.610000	7.663302e+00
2.660000	7.519335e+00
2.710000	7.380691e+00
2.760000	7.247082e+00
2.810000	7.118239e+00
2.860000	6.993913e+00
2.910000	6.873873e+00
2.960000	6.757901e+00
3.010000	6.645797e+00
3.060000	6.537370e+00
3.110000	6.432446e+00
3.160000	6.330857e+00
3.210000	6.232450e+00
3.260000	6.137078e+00
3.310000	6.044604e+00
3.360000	5.954900e+00
3.410000	5.867845e+00
3.460000	5.783324e+00
3.510000	5.701231e+00
3.560000	5.621462e+00
3.610000	5.543922e+00
3.660000	5.468520e+00
3.710000	5.395171e+00
3.760000	5.323792e+00
3.810000	5.254307e+00
3.860000	5.186642e+00
3.910000	5.120728e+00
3.960000	5.056499e+00
4.010000	4.993892e+00
4.060000	4.932848e+00
4.110000	4.873310e+00
4.160000	4.815223e+00
4.210000	4.758536e+00
4.260000	4.703200e+00
4.310000	4.649167e+00
4.360000	4.596395e+00
4.410000	4.544838e+00
4.460000	4.494458e+00
4.510000	4.445214e+00
4.560000	4.397069e+00
4.610000	4.349988e+00
4.660000	4.303936e+00
4.710000	4.258880e+00
4.760000	4.214789e+00
4.810000	4.171633e+00
4.860000	4.129383e+00
4.910000	4.088010e+00
4.960000	4.047489e+00
5.010000	4.007794e+00
5.060000	3.968899e+00
5.110000	3.930782e+00
5.160000	3.893419e+00
5.210000	3.856790e+00
5.260000	3.820871e+00
5.310000	3.785644e+00
5.360000	3.751089e+00
5.410000	3.717186e+00
5.460000	3.683919e+00
5.510000	3.651268e+00
5.560000	3.619218e+00
5.610000	3.587752e+00
5.660000	3.556854e+00
5.710000	3.526510e+00
5.760000	3.496704e+00
5.810000	3.467422e+00
5.860000	3.438651e+00
5.910000	3.410377e+00
5.960000	3.382588e+00
6.010000	3.355272e+00
6.060000	3.328416e+00
6.110000	3.302009e+00
6.160000	3.276039e+00
6.210000	3.250497e+00
6.260000	3.225370e+00
6.310000	3.200651e+00
6.360000	3.176327e+00
6.410000	3.152390e+00
6.460000	3.128832e+00
6.510000	3.105641e+00
6.560000	3.082811e+00
6.610000	3.060333e+00
6.660000	3.038198e+00
6.710000	3.016399e+00
6.760000	2.994928e+00
6.810000	2.973759e+00
6.860000	2.952920e+00
6.910000	2.932387e+00
6.960000	2.912153e+00
7.010000	2.892212e+00
7.060000	2.872557e+00
7.110000	2.853182e+00
7.160000	2.834081e+00
7.210000	2.815248e+00
7.260000	2.796677e+00
7.310000	2.778363e+00
7.360000	2.760300e+00
7.410000	2.742483e+00
7.460000	2.724907e+00
7.510000	2.707567e+00
7.560000	2.690458e+00
7.610000	2.673575e+00
7.660000	2.656914e+00
7.710000	2.640470e+00
7.760000	2.624239e+00
7.810000	2.608216e+00
7.860000	2.592398e+00
7.910000	2.576780e+00
7.960000	2.561358e+00
8.010000	2.546130e+00
8.060000	2.531090e+00
8.110000	2.516235e+00
8.160000	2.501562e+00
8.210000	2.487067e+00
8.260000	2.472748e+00
8.310000	2.458600e+00
8.360000	2.444620e+00
8.410000	2.430805e+00
8.460000	2.417153e+00
8.510000	2.403660e+00
8.560000	2.390323e+00
8.610000	2.377140e+00
8.660000	2.364071e+00
8.710000	2.351184e+00
8.760000	2.338441e+00
8.810000	2.325842e+00
8.860000	2.313382e+00
8.910000	2.301060e+00
8.960000	2.288873e+00
9.010000	2.276819e+00
9.060000	2.264895e+00
9.110000	2.253100e+00
9.160000	2.241431e+00
9.210000	2.229886e+00
9.260000	2.218462e+00
9.310000	2.207159e+00
9.360000	2.195973e+00
9.410000	2.184903e+00
9.460000	2.173947e+00
9.510000	2.163104e+00
9.560000	2.152370e+00
9.610000	2.141745e+00
9.660000	2.131226e+00
9.710000	2.120812e+00
9.760000	2.110502e+00
9.810000	2.100293e+00
9.860000	2.090185e+00
9.910000	2.080175e+00
9.960000	2.070261e+00
10.010000	2.060443e+00
10.060000	2.050719e+00
10.110000	2.041088e+00
10.160000	2.031494e+00
10.210000	2.022039e+00
10.260000	2.012672e+00
10.310000	2.003392e+00
10.360000	1.994197e+00
10.410000	1.985086e+00
10.460000	1.976059e+00
10.510000	1.967113e+00
10.560000	1.958247e+00
10.610000	1.949461e+00
10.660000	1.940752e+00
10.710000	1.932121e+00
10.760000	1.923565e+00
10.810000	1.915085e+00
10.860000	1.906677e+00
10.910000	1.898343e+00
10.960000	1.890080e+00
11.010000	1.881888e+00
11.060000	1.873765e+00
11.110000	1.865711e+00
11.160000	1.857724e+00
11.210000	1.849805e+00
11.260000	1.841951e+00
11.310000	1.834100e+00
11.360000	1.826370e+00
11.410000	1.818704e+00
11.460000	1.811099e+00
11.510000	1.803556e+00
11.560000	1.796073e+00
11.610000	1.788650e+00
11.660000	1.781285e+00
11.710000	1.773979e+00
11.760000	1.766729e+00
11.810000	1.759536e+00
11.860000	1.752399e+00
11.910000	1.745317e+00
11.960000	1.738289e+00
12.010000	1.731315e+00
12.060000	1.724394e+00
12.110000	1.717525e+00
12.160000	1.710708e+00
12.210000	1.703942e+00
12.260000	1.697226e+00
12.310000	1.690488e+00
12.360000	1.683865e+00
12.410000	1.677291e+00
12.460000	1.670765e+00
12.510000	1.664285e+00
12.560000	1.657852e+00
12.610000	1.651465e+00
12.660000	1.645123e+00
12.710000	1.638826e+00
12.760000	1.632574e+00
12.810000	1.626365e+00
12.860000	1.620199e+00
12.910000	1.614076e+00
12.960000	1.607995e+00
13.010000	1.601956e+00
13.060000	1.595958e+00
13.110000	1.589924e+00
13.160000	1.584001e+00
13.210000	1.578119e+00
13.260000	1.572275e+00
13.310000	1.566470e+00
13.360000	1.560703e+00
13.410000	1.554974e+00
13.460000	1.549282e+00
13.510000	1.543627e+00
13.560000	1.538009e+00
13.610000	1.532427e+00
13.660000	1.526881e+00
13.710000	1.521370e+00
13.760000	1.515816e+00
13.810000	1.510369e+00
13.860000	1.504956e+00
13.910000	1.499576e+00
13.960000	1.494230e+00
14.010000	1.488917e+00
14.060000	1.483636e+00
14.110000	1.478387e+00
14.160000	1.473170e+00
14.210000	1.467985e+00
14.260000	1.462831e+00
14.310000	1.457708e+00
14.360000	1.452532e+00
14.410000	1.447463e+00
14.460000	1.442424e+00
14.510000	1.437415e+00
14.560000	1.432435e+00
14.610000	1.427483e+00
14.660000	1.422561e+00
14.710000	1.417666e+00
14.760000	1.412799e+00
14.810000	1.407880e+00
14.860000	1.403063e+00
14.910000	1.398272e+00
14.960000	1.393508e+00
15.010000	1.388771e+00
15.060000	1.384059e+00
15.110000	1.379374e+00
15.160000	1.374714e+00
15.210000	1.370080e+00
15.260000	1.365387e+00
15.310000	1.360797e+00
15.360000	1.356231e+00
15.410000	1.351689e+00
15.460000	1.347172e+00
15.510000	1.342678e+00
15.560000	1.338209e+00
15.610000	1.333680e+00
15.660000	1.329251e+00
15.710000	1.324844e+00
15.760000	1.320460e+00
15.810000	1.316099e+00
15.860000	1.311759e+00
15.910000	1.307363e+00
15.960000	1.303062e+00
16.010000	1.298782e+00
16.060000	1.294523e+00
16.110000	1.290286e+00
16.160000	1.286069e+00
16.210000	1.281793e+00
16.260000	1.277612e+00
16.310000	1.273451e+00
16.360000	1.269310e+00
16.410000	1.265190e+00
16.460000	1.261009e+00
16.510000	1.256922e+00
16.560000	1.252854e+00
16.610000	1.248805e+00
16.660000	1.244776e+00
16.710000	1.240683e+00
16.760000	1.236685e+00
16.810000	1.232705e+00
16.860000	1.228744e+00
16.910000	1.224721e+00
16.960000	1.220790e+00
17.010000	1.216877e+00
17.060000	1.212906e+00
17.110000	1.209023e+00
17.160000	1.205157e+00
17.210000	1.201309e+00
17.260000	1.197398e+00
17.310000	1.193578e+00
17.360000	1.189775e+00
17.410000	1.185910e+00
17.460000	1.182134e+00
17.510000	1.178303e+00
17.560000	1.174554e+00
17.610000	1.170823e+00
17.660000	1.167032e+00
17.710000	1.163327e+00
17.760000	1.159566e+00
17.810000	1.155887e+00
17.860000	1.152154e+00
17.910000	1.148501e+00
17.960000	1.144795e+00
18.010000	1.141167e+00
18.060000	1.137487e+00
18.110000	1.133885e+00
18.160000	1.130230e+00
18.210000	1.126654e+00
18.260000	1.123022e+00
18.310000	1.119404e+00
18.360000	1.115800e+00
18.410000	1.112270e+00
18.460000	1.108688e+00
18.510000	1.105119e+00
18.560000	1.101562e+00
18.610000	1.098016e+00
18.660000	1.094483e+00
18.710000	1.090961e+00
18.760000	1.087451e+00
18.810000	1.083954e+00
18.860000	1.080410e+00
18.910000	1.076936e+00
18.960000	1.073419e+00
19.010000	1.069969e+00
19.060000	1.066478e+00
19.110000	1.063001e+00
19.160000	1.059538e+00
19.210000	1.056091e+00
19.260000	1.052610e+00
19.310000	1.049194e+00
19.360000	1.045749e+00
19.410000	1.042280e+00
19.460000	1.038836e+00
19.510000	1.035418e+00
19.560000	1.031990e+00
19.610000	1.028562e+00
19.660000	1.025143e+00
19.710000	1.021714e+00
19.760000	1.018331e+00
19.810000	1.014961e+00
19.860000	1.011631e+00
19.910000	1.008362e+00
19.960000	1.005284e+00
20.010000	1.002669e+00
20.060000	1.001051e+00
20.110000	1.000432e+00
20.160000	1.000220e+00
20.210000	1.000128e+00
20.260000	1.000085e+00
20.310000	1.000058e+00
20.360000	1.000043e+00
20.410000	1.000033e+00
20.460000	1.000027e+00
20.510000	1.000022e+00
20.560000	1.000018e+00
20.610000	1.000015e+00
20.660000	1.000013e+00
20.710000	1.000010e+00
20.760000	1.000009e+00
20.810000	1.000008e+00
20.860000	1.000007e+00
20.910000	1.000006e+00
20.960000	1.000006e+00
21.010000	1.000005e+00
21.060000	1.000005e+00
21.110000	1.000004e+00
21.160000	1.000004e+00
21.210000	1.000004e+00
21.260000	1.000003e+00
21.310000	1.000003e+00
21.360000	1.000003e+00
21.410000	1.000002e+00
21.460000	1.000002e+00
21.510000	1.000002e+00
21.560000	1.000002e+00
21.610000	1.000002e+00
21.660000	1.000002e+00
21.710000	1.000001e+00
21.760000	1.000002e+00
21.810000	1.000001e+00
21.860000	1.000001e+00
21.910000	1.000001e+00
21.960000	1.000001e+00
22.010000	1.000001e+00
22.060000	1.000001e+00
22.110000	1.000001e+00
22.160000	1.000001e+00
22.210000	1.000001e+00
22.260000	1.000001e+00
22.310000	1.000001e+00
22.360000	1.000001e+00
22.410000	1.000001e+00
22.460000	1.000001e+00
22.510000	1.000001e+00
22.560000	1.000001e+00
22.610000	1.000001e+00
22.660000	1.000001e+00
22.710000	1.000001e+00
22.760000	1.000000e+00
22.810000	1.000001e+00
22.860000	1.000001e+00
22.910000	1.000000e+00
22.960000	1.000000e+00
23.010000	1.000000e+00
23.060000	1.000000e+00
23.110000	1.000000e+00
23.160000	1.000000e+00
23.210000	1.000000e+00
23.260000	1.000000e+00
23.310000	1.000000e+00
23.360000	1.000000e+00
23.410000	1.000000e+00
23.460000	1.000000e+00
23.510000	1.000000e+00
23.560000	1.000000e+00
23.610000	1.000000e+00
23.660000	1.000000e+00
23.710000	1.000000e+00
23.760000	1.000000e+00
23.810000	1.000000e+00
23.860000	1.000000e+00
23.910000	1.000000e+00
23.960000	1.000000e+00
24.010000	1.000000e+00
24.060000	1.000000e+00
24.110000	1.000000e+00
24.160000	1.000000e+00
24.210000	1.000000e+00
24.260000	1.000000e+00
24.310000	1.000000e+00
24.360000	1.000000e+00
24.410000	1.000000e+00
24.460000	1.000000e+00
24.510000	1.000000e+00
24.560000	1.000000e+00
24.610000	1.000000e+00
24.660000	1.000000e+00
24.710000	1.000000e+00
24.760000	1.000000e+00
24.810000	1.000000e+00
24.860000	1.000000e+00
24.910000	1.000000e+00
24.960000	1.000000e+00
25.010000	1.000000e+00
25.060000	1.000000e+00
25.110000	1.000000e+00
25.160000	1.000000e+00
25.210000	1.000000e+00
25.260000	1.000000e+00
25.310000	1.000000e+00
25.360000	1.000000e+00
25.410000	1.000000e+00
25.460000	1.000000e+00
25.510000	1.000000e+00
25.560000	1.000000e+00
25.610000	1.000000e+00
25.660000	1.000000e+00
25.710000	1.000000e+00
25.760000	1.000000e+00
25.810000	1.000000e+00
25.860000	1.000000e+00
25.910000	1.000000e+00
25.960000	1.000000e+00
26.010000	1.000000e+00
26.060000	1.000000e+00
26.110000	1.000000e+00
26.160000	1.000000e+00
26.210000	1.000000e+00
26.260000	1.000000e+00
26.310000	1.000000e+00
26.360000	1.000000e+00
26.410000	1.000000e+00
26.460000	1.000000e+00
26.510000	1.000000e+00
26.560000	1.000000e+00
26.610000	1.000000e+00
26.660000	1.000000e+00
26.710000	1.000000e+00
26.760000	1.000000e+00
26.810000	1.000000e+00
26.860000	1.000000e+00
26.910000	1.000000e+00
26.960000	1.000000e+00
27.010000	1.000000e+00
27.060000	1.000000e+00
27.110000	1.000000e+00
27.160000	1.000000e+00
27.210000	1.000000e+00
27.260000	1.000000e+00
27.310000	1.000000e+00
27.360000	1.000000e+00
27.410000	1.000000e+00
27.460000	1.000000e+00
27.510000	1.000000e+00
27.560000	1.000000e+00
27.610000	1.000000e+00
27.660000	1.000000e+00
27.710000	1.000000e+00
27.760000	1.000000e+00
27.810000	1.000000e+00
27.860000	1.000000e+00
27.910000	1.000000e+00
27.960000	1.000000e+00
28.010000	1.000000e+00
28.060000	1.000000e+00
28.110000	1.000000e+00
28.160000	1.000000e+00
28.210000	1.000000e+00
28.260000	1.000000e+00
28.310000	1.000000e+00
28.360000	1.000000e+00
28.410000	1.000000e+00
28.460000	1.000000e+00
28.510000	1.000000e+00
28.560000	1.000000e+00
28.610000	1.000000e+00
28.660000	1.000000e+00
28.710000	1.000000e+00
28.760000	1.000000e+00
28.810000	1.000000e+00
28.860000	1.000000e+00
28.910000	1.000000e+00
28.960000	1.000000e+00
29.010000	1.000000e+00
29.060000	1.000000e+00
29.110000	1.000000e+00
29.160000	1.000000e+00
29.210000	1.000000e+00
29.260000	1.000000e+00
29.310000	1.000000e+00
29.360000	1.000000e+00
29.410000	1.000000e+00
29.460000	1.000000e+00
29.510000	1.000000e+00
29.560000	1.000000e+00
29.610000	1.000000e+00
29.660000	1.000000e+00
29.710000	1.000000e+00
29.760000	1.000000e+00
29.810000	1.000000e+00
29.860000	1.000000e+00
29.910000	1.000000e+00
29.960000	1.000000e+00
30.010000	1.000000e+00
30.060000	1.000000e+00
30.110000	1.000000e+00
30.160000	1.000000e+00
30.210000	1.000000e+00
30.260000	1.000000e+00
30.310000	1.000000e+00
30.360000	1.000000e+00
30.410000	1.000000e+00
30.460000	1.000000e+00
30.510000	1.000000e+00
30.560000	1.000000e+00
30.610000	1.000000e+00
30.660000	1.000000e+00
30.710000	1.000000e+00
30.760000	1.000000e+00
30.810000	1.000000e+00
30.860000	1.000000e+00
30.910000	1.000000e+00
30.960000	1.000000e+00
31.010000	1.000000e+00
31.060000	1.000000e+00
31.110000	1.000000e+00
31.160000	1.000000e+00
31.210000	1.000000e+00
31.260000	1.000000e+00
31.310000	1.000000e+00
31.360000	1.000000e+00
31.410000	1.000000e+00
31.460000	1.000000e+00
31.510000	1.000000e+00
31.560000	1.000000e+00
31.610000	1.000000e+00
31.660000	1.000000e+00
31.710000	1.000000e+00
31.760000	1.000000e+00
31.810000	1.000000e+00
31.860000	1.000000e+00
31.910000	1.000000e+00
31.960000	1.000000e+00
32.010000	1.000000e+00
32.060000	1.000000e+00
32.110000	1.000000e+00
32.160000	1.000000e+00
32.210000	1.000000e+00
32.260000	1.000000e+00
32.310000	1.000000e+00
32.360000	1.000000e+00
32.410000	1.000000e+00
32.460000	1.000000e+00
32.510000	1.000000e+00
32.560000	1.000000e+00
32.610000	1.000000e+00
32.660000	1.000000e+00
32.710000	1.000000e+00
32.760000	1.000000e+00
32.810000	1.000000e+00
32.860000	1.000000e+00
32.910000	1.000000e+00
32.960000	1.000000e+00
33.010000	1.000000e+00
33.060000	1.000000e+00
33.110000	1.000000e+00
33.160000	1.000000e+00
33.210000	1.000000e+00
33.260000	1.000000e+00
33.310000	1.000000e+00
33.360000	1.000000e+00
33.410000	1.000000e+00
33.460000	1.000000e+00
33.510000	1.000000e+00
33.560000	1.000000e+00
33.610000	1.000000e+00
33.660000	1.000000e+00
33.710000	1.000000e+00
33.760000	1.000000e+00
33.810000	1.000000e+00
33.860000	1.000000e+00
33.910000	1.000000e+00
33.960000	1.000000e+00
34.010000	1.000000e+00
34.060000	1.000000e+00
34.110000	1.000000e+00
34.160000	1.000000e+00
34.210000	1.000000e+00
34.260000	1.000000e+00
34.310000	1.000000e+00
34.360000	1.000000e+00
34.410000	1.000000e+00
34.460000	1.000000e+00
34.510000	1.000000e+00
34.560000	1.000000e+00
34.610000	1.000000e+00
34.660000	1.000000e+00
34.710000	1.000000e+00
34.760000	1.000000e+00
34.810000	1.000000e+00
34.860000	1.000000e+00
34.910000	1.000000e+00
34.960000	1.000000e+00
35.010000	1.000000e+00
35.060000	1.000000e+00
35.110000	1.000000e+00
35.160000	1.000000e+00
35.210000	1.000000e+00
35.260000	1.000000e+00
35.310000	1.000000e+00
35.360000	1.000000e+00
35.410000	1.000000e+00
35.460000	1.000000e+00
35.510000	1.000000e+00
35.560000	1.000000e+00
35.610000	1.000000e+00
35.660000	1.000000e+00
35.710000	1.000000e+00
35.760000	1.000000e+00
35.810000	1.000000e+00
35.860000	1.000000e+00
35.910000	1.000000e+00
35.960000	1.000000e+00
36.010000	1.000000e+00
36.060000	1.000000e+00
36.110000	1.000000e+00
36.160000	1.000000e+00
36.210000	1.000000e+00
36.260000	1.000000e+00
36.310000	1.000000e+00
36.360000	1.000000e+00
36.410000	1.000000e+00
36.460000	1.000000e+00
36.510000	1.000000e+00
36.560000	1.000000e+00
36.610000	1.000000e+00
36.660000	1.000000e+00
36.710000	1.000000e+00
36.760000	1.000000e+00
36.810000	1.000000e+00
36.860000	1.000000e+00
36.910000	1.000000e+00
36.960000	1.000000e+00
37.010000	1.000000e+00
37.060000	1.000000e+00
37.110000	1.000000e+00
37.160000	1.000000e+00
37.210000	1.000000e+00
37.260000	1.000000e+00
37.310000	1.000000e+00
37.360000	1.000000e+00
37.410000	1.000000e+00
37.460000	1.000000e+00
37.510000	1.000000e+00
37.560000	1.000000e+00
37.610000	1.000000e+00
37.660000	1.000000e+00
37.710000	1.000000e+00
37.760000	1.000000e+00
37.810000	1.000000e+00
37.860000	1.000000e+00
37.910000	1.000000e+00
37.960000	1.000000e+00
38.010000	1.000000e+00
38.060000	1.000000e+00
38.110000	1.000000e+00
38.160000	1.000000e+00
38.210000	1.000000e+00
38.260000	1.000000e+00
38.310000	1.000000e+00
38.360000	1.000000e+00
38.410000	1.000000e+00
38.460000	1.000000e+00
38.510000	1.000000e+00
38.560000	1.000000e+00
38.610000	1.000000e+00
38.660000	1.000000e+00
38.710000	1.000000e+00
38.760000	1.000000e+00
38.810000	1.000000e+00
38.860000	1.000000e+00
38.910000	1.000000e+00
38.960000	1.000000e+00
39.010000	1.000000e+00
39.060000	1.000000e+00
39.110000	1.000000e+00
39.160000	1.000000e+00
39.210000	1.000000e+00
39.260000	1.000000e+00
39.310000	1.000000e+00
39.360000	1.000000e+00
39.410000	1.000000e+00
39.460000	1.000000e+00
39.510000	1.000000e+00
39.560000	1.000000e+00
39.610000	1.000000e+00
39.660000	1.000000e+00
39.710000	1.000000e+00
39.760000	1.000000e+00
39.810000	1.000000e+00
39.860000	1.000000e+00
39.910000	1.000000e+00
39.960000	1.000000e+00
40.010000	1.000000e+00
40.060000	1.000000e+00
40.110000	1.000000e+00
40.160000	1.000000e+00
40.210000	1.000000e+00
40.260000	1.000000e+00
40.310000	1.000000e+00
40.360000	1.000000e+00
40.410000	1.000000e+00
40.460000	1.000000e+00
40.510000	1.000000e+00
40.560000	1.000000e+00
40.610000	1.000000e+00
40.660000	1.000000e+00
40.710000	1.000000e+00
40.760000	1.000000e+00
40.810000	1.000000e+00
40.860000	1.000000e+00
40.910000	1.000000e+00
40.960000	1.000000e+00
41.010000	1.000000e+00
41.060000	1.000000e+00
41.110000	1.000000e+00
41.160000	1.000000e+00
41.210000	1.000000e+00
41.260000	1.000000e+00
41.310000	1.000000e+00
41.360000	1.000000e+00
41.410000	1.000000e+00
41.460000	1.000000e+00
41.510000	1.000000e+00
41.560000	1.000000e+00
41.610000	1.000000e+00
41.660000	1.000000e+00
41.710000	1.000000e+00
41.760000	1.000000e+00
41.810000	1.000000e+00
41.860000	1.000000e+00
41.910000	1.000000e+00
41.960000	1.000000e+00
42.010000	1.000000e+00
42.060000	1.000000e+00
42.110000	1.000000e+00
42.160000	1.000000e+00
42.210000	1.000000e+00
42.260000	1.000000e+00
42.310000	1.000000e+00
42.360000	1.000000e+00
42.410000	1.000000e+00
42.460000	1.000000e+00
42.510000	1.000000e+00
42.560000	1.000000e+00
42.610000	1.000000e+00
42.660000	1.000000e+00
42.710000	1.000000e+00
42.760000	1.000000e+00
42.810000	1.000000e+00
42.860000	1.000000e+00
42.910000	1.000000e+00
42.960000	1.000000e+00
43.010000	1.000000e+00
43.060000	1.000000e+00
43.110000	1.000000e+00
43.160000	1.000000e+00
43.210000	1.000000e+00
43.260000	1.000000e+00
43.310000	1.000000e+00
43.360000	1.000000e+00
43.410000	1.000000e+00
43.460000	1.000000e+00
43.510000	1.000000e+00
43.560000	1.000000e+00
43.610000	1.000000e+00
43.660000	1.000000e+00
43.710000	1.000000e+00
43.760000	1.000000e+00
43.810000	1.000000e+00
43.860000	1.000000e+00
43.910000	1.000000e+00
43.960000	1.000000e+00
44.010000	1.000000e+00
44.060000	1.000000e+00
44.110000	1.000000e+00
44.160000	1.000000e+00
44.210000	1.000000e+00
44.260000	1.000000e+00
44.310000	1.000000e+00
44.360000	1.000000e+00
44.410000	1.000000e+00
44.460000	1.000000e+00
44.510000	1.000000e+00
44.560000	1.000000e+00
44.610000	1.000000e+00
44.660000	1.000000e+00
44.710000	1.000000e+00
44.760000	1.000000e+00
44.810000	1.000000e+00
44.860000	1.000000e+00
44.910000	1.000000e+00
44.960000	1.000000e+00
45.010000	1.000000e+00
45.060000	1.000000e+00
45.110000	1.000000e+00
45.160000	1.000000e+00
45.210000	1.000000e+00
45.260000	1.000000e+00
45.310000	1.000000e+00
45.360000	1.000000e+00
45.410000	1.000000e+00
45.460000	1.000000e+00
45.510000	1.000000e+00
45.560000	1.000000e+00
45.610000	1.000000e+00
45.660000	1.000000e+00
45.710000	1.000000e+00
45.760000	1.000000e+00
45.810000	1.000000e+00
45.860000	1.000000e+00
45.910000	1.000000e+00
45.960000	1.000000e+00
46.010000	1.000000e+00
46.060000	1.000000e+00
46.110000	1.000000e+00
46.160000	1.000000e+00
46.210000	1.000000e+00
46.260000	1.000000e+00
46.310000	1.000000e+00
46.360000	1.000000e+00
46.410000	1.000000e+00
46.460000	1.000000e+00
46.510000	1.000000e+00
46.560000	1.000000e+00
46.610000	1.000000e+00
46.660000	1.000000e+00
46.710000	1.000000e+00
46.760000	1.000000e+00
46.810000	1.000000e+00
46.860000	1.000000e+00
46.910000	1.000000e+00
46.960000	1.000000e+00
47.010000	1.000000e+00
47.060000	1.000000e+00
47.110000	1.000000e+00
47.160000	1.000000e+00
47.210000	1.000000e+00
47.260000	1.000000e+00
47.310000	1.000000e+00
47.360000	1.000000e+00
47.410000	1.000000e+00
47.460000	1.000000e+00
47.510000	1.000000e+00
47.560000	1.000000e+00
47.610000	1.000000e+00
47.660000	1.000000e+00
47.710000	1.000000e+00
47.760000	1.000000e+00
47.810000	1.000000e+00
47.860000	1.000000e+00
47.910000	1.000000e+00
47.960000	1.000000e+00
48.010000	1.000000e+00
48.060000	1.000000e+00
48.110000	1.000000e+00
48.160000	1.000000e+00
48.210000	1.000000e+00
48.260000	1.000000e+00
48.310000	1.000000e+00
48.360000	1.000000e+00
48.410000	1.000000e+00
48.460000	1.000000e+00
48.510000	1.000000e+00
48.560000	1.000000e+00
48.610000	1.000000e+00
48.660000	1.000000e+00
48.710000	1.000000e+00
48.760000	1.000000e+00
48.810000	1.000000e+00
48.860000	1.000000e+00
48.910000	1.000000e+00
48.960000	1.000000e+00
49.010000	1.000000e+00
49.060000	1.000000e+00
49.110000	1.000000e+00
49.160000	1.000000e+00
49.210000	1.000000e+00
49.260000	1.000000e+00
49.310000	1.000000e+00
49.360000	1.000000e+00
49.410000	1.000000e+00
49.460000	1.000000e+00
49.510000	1.000000e+00
49.560000	1.000000e+00
49.610000	1.000000e+00
49.660000	1.000000e+00
49.710000	1.000000e+00
49.760000	1.000000e+00
49.810000	1.000000e+00
49.860000	1.000000e+00
49.910000	1.000000e+00
49.960000	1.000000e+00
50.010000	1.000000e+00
