0.000000	6.713124e-02
0.050000	6.713049e-02
0.100000	6.712822e-02
0.150000	6.712444e-02
0.200000	6.711914e-02
0.250000	6.711234e-02
0.300000	6.710402e-02
0.350000	6.709420e-02
0.400000	6.708286e-02
0.450000	6.707002e-02
0.500000	6.705567e-02
0.550000	6.703981e-02
0.600000	6.702245e-02
0.650000	6.700358e-02
0.700000	6.698322e-02
0.750000	6.696135e-02
0.800000	6.693799e-02
0.850000	6.691314e-02
0.900000	6.688679e-02
0.950000	6.685894e-02
1.000000	6.682962e-02
1.050000	6.679880e-02
1.100000	6.676650e-02
1.150000	6.673273e-02
1.200000	6.669747e-02
1.250000	6.666074e-02
1.300000	6.662255e-02
1.350000	6.658288e-02
1.400000	6.654175e-02
1.450000	6.649916e-02
1.500000	6.645512e-02
1.550000	6.640962e-02
1.600000	6.636267e-02
1.650000	6.631428e-02
1.700000	6.626446e-02
1.750000	6.621319e-02
1.800000	6.616050e-02
1.850000	6.610637e-02
1.900000	6.605083e-02
1.950000	6.599387e-02
2.000000	6.593550e-02
2.050000	6.587573e-02
2.100000	6.581455e-02
2.150000	6.575197e-02
2.200000	6.568801e-02
2.250000	6.562266e-02
2.300000	6.555593e-02
2.350000	6.548783e-02
2.400000	6.541837e-02
2.450000	6.534754e-02
2.500000	6.527535e-02
2.550000	6.520182e-02
2.600000	6.512694e-02
2.650000	6.505073e-02
2.700000	6.497319e-02
2.750000	6.489433e-02
2.800000	6.481415e-02
2.850000	6.473266e-02
2.900000	6.464987e-02
2.950000	6.456578e-02
3.000000	6.448040e-02
3.050000	6.439375e-02
3.100000	6.430582e-02
3.150000	6.421662e-02
3.200000	6.412617e-02
3.250000	6.403447e-02
3.300000	6.394152e-02
3.350000	6.384733e-02
3.400000	6.375192e-02
3.450000	6.365529e-02
3.500000	6.355745e-02
3.550000	6.345841e-02
3.600000	6.335817e-02
3.650000	6.325674e-02
3.700000	6.315413e-02
3.750000	6.305036e-02
3.800000	6.294542e-02
3.850000	6.283933e-02
3.900000	6.273209e-02
3.950000	6.262372e-02
4.000000	6.251422e-02
4.050000	6.240361e-02
4.100000	6.229188e-02
4.150000	6.217906e-02
4.200000	6.206514e-02
4.250000	6.195015e-02
4.300000	6.183408e-02
4.350000	6.171694e-02
4.400000	6.159875e-02
4.450000	6.147952e-02
4.500000	6.135925e-02
4.550000	6.123796e-02
4.600000	6.111565e-02
4.650000	6.099233e-02
4.700000	6.086802e-02
4.750000	6.074271e-02
4.800000	6.061643e-02
4.850000	6.048918e-02
4.900000	6.036098e-02
4.950000	6.023182e-02
5.000000	6.010173e-02
5.050000	5.997070e-02
5.100000	5.983876e-02
5.150000	5.970591e-02
5.200000	5.957216e-02
5.250000	5.943752e-02
5.300000	5.930200e-02
5.350000	5.916562e-02
5.400000	5.902837e-02
5.450000	5.889028e-02
5.500000	5.875135e-02
5.550000	5.861159e-02
5.600000	5.847101e-02
5.650000	5.832962e-02
5.700000	5.818744e-02
5.750000	5.804447e-02
5.800000	5.790072e-02
5.850000	5.775621e-02
5.900000	5.761094e-02
5.950000	5.746493e-02
6.000000	5.731817e-02
6.050000	5.717070e-02
6.100000	5.702251e-02
6.150000	5.687361e-02
6.200000	5.672402e-02
6.250000	5.657375e-02
6.300000	5.642280e-02
6.350000	5.627119e-02
6.400000	5.611893e-02
6.450000	5.596603e-02
6.500000	5.581249e-02
6.550000	5.565834e-02
6.600000	5.550357e-02
6.650000	5.534820e-02
6.700000	5.519224e-02
6.750000	5.503570e-02
6.800000	5.487859e-02
6.850000	5.472092e-02
6.900000	5.456270e-02
6.950000	5.440394e-02
7.000000	5.424466e-02
7.050000	5.408485e-02
7.100000	5.392454e-02
7.150000	5.376373e-02
7.200000	5.360243e-02
7.250000	5.344066e-02
7.300000	5.327841e-02
7.350000	5.311571e-02
7.400000	5.295256e-02
7.450000	5.278898e-02
7.500000	5.262497e-02
7.550000	5.246054e-02
7.600000	5.229570e-02
7.650000	5.213047e-02
7.700000	5.196485e-02
7.750000	5.179885e-02
7.800000	5.163248e-02
7.850000	5.146576e-02
7.900000	5.129869e-02
7.950000	5.113128e-02
8.000000	5.096354e-02
8.050000	5.079549e-02
8.100000	5.062712e-02
8.150000	5.045846e-02
8.200000	5.028950e-02
8.250000	5.012027e-02
8.300000	4.995077e-02
8.350000	4.978100e-02
8.400000	4.961098e-02
8.450000	4.944072e-02
8.500000	4.927022e-02
8.550000	4.909950e-02
8.600000	4.892857e-02
8.650000	4.875743e-02
8.700000	4.858610e-02
8.750000	4.841457e-02
8.800000	4.824287e-02
8.850000	4.807100e-02
8.900000	4.789897e-02
8.950000	4.772678e-02
9.000000	4.755446e-02
9.050000	4.738200e-02
9.100000	4.720941e-02
9.150000	4.703671e-02
9.200000	4.686390e-02
9.250000	4.669099e-02
9.300000	4.651799e-02
9.350000	4.634490e-02
9.400000	4.617175e-02
9.450000	4.599852e-02
9.500000	4.582524e-02
9.550000	4.565191e-02
9.600000	4.547854e-02
9.650000	4.530513e-02
9.700000	4.513170e-02
9.750000	4.495825e-02
9.800000	4.478479e-02
9.850000	4.461134e-02
9.900000	4.443788e-02
9.950000	4.426445e-02
10.000000	4.409103e-02
10.050000	4.391764e-02
10.100000	4.374429e-02
10.150000	4.357099e-02
10.200000	4.339774e-02
10.250000	4.322454e-02
10.300000	4.305141e-02
10.350000	4.287836e-02
10.400000	4.270539e-02
10.450000	4.253250e-02
10.500000	4.235971e-02
10.550000	4.218703e-02
10.600000	4.201445e-02
10.650000	4.184199e-02
10.700000	4.166965e-02
10.750000	4.149744e-02
10.800000	4.132536e-02
10.850000	4.115343e-02
10.900000	4.098165e-02
10.950000	4.081002e-02
11.000000	4.063856e-02
11.050000	4.046726e-02
11.100000	4.029614e-02
11.150000	4.012520e-02
11.200000	3.995444e-02
11.250000	3.978388e-02
11.300000	3.961352e-02
11.350000	3.944337e-02
11.400000	3.927342e-02
11.450000	3.910369e-02
11.500000	3.893419e-02
11.550000	3.876491e-02
11.600000	3.859586e-02
11.650000	3.842706e-02
11.700000	3.825850e-02
11.750000	3.809019e-02
11.800000	3.792214e-02
11.850000	3.775434e-02
11.900000	3.758682e-02
11.950000	3.741956e-02
12.000000	3.725258e-02
12.050000	3.708588e-02
12.100000	3.691947e-02
12.150000	3.675335e-02
12.200000	3.658753e-02
12.250000	3.642200e-02
12.300000	3.625678e-02
12.350000	3.609188e-02
12.400000	3.592728e-02
12.450000	3.576301e-02
12.500000	3.559906e-02
12.550000	3.543544e-02
12.600000	3.527215e-02
12.650000	3.510920e-02
12.700000	3.494659e-02
12.750000	3.478432e-02
12.800000	3.462240e-02
12.850000	3.446084e-02
12.900000	3.429963e-02
12.950000	3.413879e-02
13.000000	3.397831e-02
13.050000	3.381819e-02
13.100000	3.365845e-02
13.150000	3.349909e-02
13.200000	3.334011e-02
13.250000	3.318151e-02
13.300000	3.302329e-02
13.350000	3.286547e-02
13.400000	3.270804e-02
13.450000	3.255100e-02
13.500000	3.239437e-02
13.550000	3.223814e-02
13.600000	3.208232e-02
13.650000	3.192690e-02
13.700000	3.177190e-02
13.750000	3.161731e-02
13.800000	3.146314e-02
13.850000	3.130940e-02
13.900000	3.115607e-02
13.950000	3.100317e-02
14.000000	3.085071e-02
14.050000	3.069867e-02
14.100000	3.054707e-02
14.150000	3.039590e-02
14.200000	3.024518e-02
14.250000	3.009490e-02
14.300000	2.994506e-02
14.350000	2.979566e-02
14.400000	2.964672e-02
14.450000	2.949823e-02
14.500000	2.935019e-02
14.550000	2.920260e-02
14.600000	2.905548e-02
14.650000	2.890881e-02
14.700000	2.876260e-02
14.750000	2.861686e-02
14.800000	2.847158e-02
14.850000	2.832677e-02
14.900000	2.818243e-02
14.950000	2.803856e-02
15.000000	2.789515e-02
15.050000	2.775223e-02
15.100000	2.760978e-02
15.150000	2.746780e-02
15.200000	2.732630e-02
15.250000	2.718529e-02
15.300000	2.704475e-02
15.350000	2.690470e-02
15.400000	2.676512e-02
15.450000	2.662604e-02
15.500000	2.648744e-02
15.550000	2.634933e-02
15.600000	2.621170e-02
15.650000	2.607457e-02
15.700000	2.593792e-02
15.750000	2.580177e-02
15.800000	2.566611e-02
15.850000	2.553094e-02
15.900000	2.539627e-02
15.950000	2.526209e-02
16.000000	2.512841e-02
16.050000	2.499522e-02
16.100000	2.486253e-02
16.150000	2.473034e-02
16.200000	2.459865e-02
16.250000	2.446746e-02
16.300000	2.433677e-02
16.350000	2.420657e-02
16.400000	2.407688e-02
16.450000	2.394769e-02
16.500000	2.381901e-02
16.550000	2.369082e-02
16.600000	2.356314e-02
16.650000	2.343595e-02
16.700000	2.330928e-02
16.750000	2.318310e-02
16.800000	2.305743e-02
16.850000	2.293226e-02
16.900000	2.280760e-02
16.950000	2.268344e-02
17.000000	2.255979e-02
17.050000	2.243664e-02
17.100000	2.231399e-02
17.150000	2.219185e-02
17.200000	2.207021e-02
17.250000	2.194907e-02
17.300000	2.182844e-02
17.350000	2.170832e-02
17.400000	2.158869e-02
17.450000	2.146958e-02
17.500000	2.135096e-02
17.550000	2.123285e-02
17.600000	2.111524e-02
17.650000	2.099813e-02
17.700000	2.088153e-02
17.750000	2.076543e-02
17.800000	2.064982e-02
17.850000	2.053472e-02
17.900000	2.042013e-02
17.950000	2.030603e-02
18.000000	2.019243e-02
18.050000	2.007933e-02
18.100000	1.996673e-02
18.150000	1.985463e-02
18.200000	1.974302e-02
18.250000	1.963192e-02
18.300000	1.952131e-02
18.350000	1.941119e-02
18.400000	1.930157e-02
18.450000	1.919245e-02
18.500000	1.908382e-02
18.550000	1.897568e-02
18.600000	1.886804e-02
18.650000	1.876089e-02
18.700000	1.865422e-02
18.750000	1.854805e-02
18.800000	1.844237e-02
18.850000	1.833718e-02
18.900000	1.823247e-02
18.950000	1.812825e-02
19.000000	1.802452e-02
19.050000	1.792127e-02
19.100000	1.781851e-02
19.150000	1.771623e-02
19.200000	1.761444e-02
19.250000	1.751312e-02
19.300000	1.741228e-02
19.350000	1.731193e-02
19.400000	1.721205e-02
19.450000	1.711265e-02
19.500000	1.701373e-02
19.550000	1.691528e-02
19.600000	1.681730e-02
19.650000	1.671980e-02
19.700000	1.662277e-02
19.750000	1.652621e-02
19.800000	1.643012e-02
19.850000	1.633450e-02
19.900000	1.623935e-02
19.950000	1.614466e-02
20.000000	1.605044e-02
20.050000	1.595669e-02
20.100000	1.586339e-02
20.150000	1.577056e-02
20.200000	1.567818e-02
20.250000	1.558627e-02
20.300000	1.549481e-02
20.350000	1.540381e-02
20.400000	1.531327e-02
20.450000	1.522318e-02
20.500000	1.513354e-02
20.550000	1.504436e-02
20.600000	1.495562e-02
20.650000	1.486733e-02
20.700000	1.477949e-02
20.750000	1.469210e-02
20.800000	1.460515e-02
20.850000	1.451864e-02
20.900000	1.443258e-02
20.950000	1.434696e-02
21.000000	1.426177e-02
21.050000	1.417703e-02
21.100000	1.409272e-02
21.150000	1.400884e-02
21.200000	1.392540e-02
21.250000	1.384239e-02
21.300000	1.375982e-02
21.350000	1.367767e-02
21.400000	1.359595e-02
21.450000	1.351465e-02
21.500000	1.343379e-02
21.550000	1.335334e-02
21.600000	1.327332e-02
21.650000	1.319372e-02
21.700000	1.311454e-02
21.750000	1.303577e-02
21.800000	1.295742e-02
21.850000	1.287949e-02
21.900000	1.280197e-02
21.950000	1.272486e-02
22.000000	1.264816e-02
22.050000	1.257188e-02
22.100000	1.249599e-02
22.150000	1.242052e-02
22.200000	1.234545e-02
22.250000	1.227078e-02
22.300000	1.219651e-02
22.350000	1.212265e-02
22.400000	1.204918e-02
22.450000	1.197611e-02
22.500000	1.190343e-02
22.550000	1.183115e-02
22.600000	1.175926e-02
22.650000	1.168776e-02
22.700000	1.161665e-02
22.750000	1.154592e-02
22.800000	1.147559e-02
22.850000	1.140564e-02
22.900000	1.133607e-02
22.950000	1.126688e-02
23.000000	1.119807e-02
23.050000	1.112964e-02
23.100000	1.106159e-02
23.150000	1.099391e-02
23.200000	1.092661e-02
23.250000	1.085968e-02
23.300000	1.079312e-02
23.350000	1.072692e-02
23.400000	1.066110e-02
23.450000	1.059564e-02
23.500000	1.053055e-02
23.550000	1.046582e-02
23.600000	1.040145e-02
23.650000	1.033744e-02
23.700000	1.027379e-02
23.750000	1.021049e-02
23.800000	1.014755e-02
23.850000	1.008497e-02
23.900000	1.002273e-02
23.950000	9.960851e-03
24.000000	9.899317e-03
24.050000	9.838130e-03
24.100000	9.777290e-03
24.150000	9.716793e-03
24.200000	9.656639e-03
24.250000	9.596827e-03
24.300000	9.537354e-03
24.350000	9.478220e-03
24.400000	9.419422e-03
24.450000	9.360960e-03
24.500000	9.302831e-03
24.550000	9.245034e-03
24.600000	9.187568e-03
24.650000	9.130430e-03
24.700000	9.073621e-03
24.750000	9.017137e-03
24.800000	8.960978e-03
24.850000	8.905142e-03
24.900000	8.849627e-03
24.950000	8.794432e-03
25.000000	8.739556e-03
25.050000	8.684996e-03
25.100000	8.630752e-03
25.150000	8.576822e-03
25.200000	8.523205e-03
25.250000	8.469898e-03
25.300000	8.416901e-03
25.350000	8.364212e-03
25.400000	8.311829e-03
25.450000	8.259752e-03
25.500000	8.207978e-03
25.550000	8.156505e-03
25.600000	8.105334e-03
25.650000	8.054462e-03
25.700000	8.003887e-03
25.750000	7.953608e-03
25.800000	7.903625e-03
25.850000	7.853934e-03
25.900000	7.804536e-03
25.950000	7.755427e-03
26.000000	7.706608e-03
26.050000	7.658076e-03
26.100000	7.609830e-03
26.150000	7.561869e-03
26.200000	7.514191e-03
26.250000	7.466795e-03
26.300000	7.419680e-03
26.350000	7.372843e-03
26.400000	7.326283e-03
26.450000	7.280000e-03
26.500000	7.233992e-03
26.550000	7.188257e-03
26.600000	7.142793e-03
26.650000	7.097601e-03
26.700000	7.052677e-03
26.750000	7.008021e-03
26.800000	6.963632e-03
26.850000	6.919507e-03
26.900000	6.875646e-03
26.950000	6.832048e-03
27.000000	6.788710e-03
27.050000	6.745632e-03
27.100000	6.702812e-03
27.150000	6.660249e-03
27.200000	6.617941e-03
27.250000	6.575887e-03
27.300000	6.534087e-03
27.350000	6.492537e-03
27.400000	6.451238e-03
27.450000	6.410188e-03
27.500000	6.369385e-03
27.550000	6.328829e-03
27.600000	6.288517e-03
27.650000	6.248449e-03
27.700000	6.208623e-03
27.750000	6.169038e-03
27.800000	6.129693e-03
27.850000	6.090586e-03
27.900000	6.051716e-03
27.950000	6.013083e-03
28.000000	5.974683e-03
28.050000	5.936517e-03
28.100000	5.898583e-03
28.150000	5.860880e-03
28.200000	5.823407e-03
28.250000	5.786162e-03
28.300000	5.749143e-03
28.350000	5.712351e-03
28.400000	5.675783e-03
28.450000	5.639439e-03
28.500000	5.603316e-03
28.550000	5.567415e-03
28.600000	5.531733e-03
28.650000	5.496270e-03
28.700000	5.461024e-03
28.750000	5.425994e-03
28.800000	5.391179e-03
28.850000	5.356578e-03
28.900000	5.322189e-03
28.950000	5.288011e-03
29.000000	5.254044e-03
29.050000	5.220285e-03
29.100000	5.186735e-03
29.150000	5.153391e-03
29.200000	5.120253e-03
29.250000	5.087318e-03
29.300000	5.054588e-03
29.350000	5.022059e-03
29.400000	4.989731e-03
29.450000	4.957603e-03
29.500000	4.925673e-03
29.550000	4.893942e-03
29.600000	4.862406e-03
29.650000	4.831066e-03
29.700000	4.799920e-03
29.750000	4.768967e-03
29.800000	4.738207e-03
29.850000	4.707637e-03
29.900000	4.677257e-03
29.950000	4.647066e-03
30.000000	4.617062e-03
30.050000	4.587245e-03
30.100000	4.557614e-03
30.150000	4.528167e-03
30.200000	4.498903e-03
30.250000	4.469822e-03
30.300000	4.440922e-03
30.350000	4.412203e-03
30.400000	4.383663e-03
30.450000	4.355301e-03
30.500000	4.327116e-03
30.550000	4.299107e-03
30.600000	4.271273e-03
30.650000	4.243614e-03
30.700000	4.216127e-03
30.750000	4.188813e-03
30.800000	4.161670e-03
30.850000	4.134697e-03
30.900000	4.107893e-03
30.950000	4.081257e-03
31.000000	4.054788e-03
31.050000	4.028486e-03
31.100000	4.002348e-03
31.150000	3.976375e-03
31.200000	3.950566e-03
31.250000	3.924918e-03
31.300000	3.899432e-03
31.350000	3.874106e-03
31.400000	3.848940e-03
31.450000	3.823933e-03
31.500000	3.799082e-03
31.550000	3.774389e-03
31.600000	3.749851e-03
31.650000	3.725469e-03
31.700000	3.701240e-03
31.750000	3.677164e-03
31.800000	3.653240e-03
31.850000	3.629468e-03
31.900000	3.605845e-03
31.950000	3.582373e-03
32.000000	3.559048e-03
32.050000	3.535871e-03
32.100000	3.512842e-03
32.150000	3.489958e-03
32.200000	3.467218e-03
32.250000	3.444624e-03
32.300000	3.422172e-03
32.350000	3.399863e-03
32.400000	3.377695e-03
32.450000	3.355668e-03
32.500000	3.333781e-03
32.550000	3.312033e-03
32.600000	3.290424e-03
32.650000	3.268951e-03
32.700000	3.247616e-03
32.750000	3.226416e-03
32.800000	3.205351e-03
32.850000	3.184420e-03
32.900000	3.163622e-03
32.950000	3.142957e-03
33.000000	3.122423e-03
33.050000	3.102020e-03
33.100000	3.081748e-03
33.150000	3.061605e-03
33.200000	3.041590e-03
33.250000	3.021703e-03
33.300000	3.001943e-03
33.350000	2.982310e-03
33.400000	2.962801e-03
33.450000	2.943418e-03
33.500000	2.924158e-03
33.550000	2.905022e-03
33.600000	2.886008e-03
33.650000	2.867115e-03
33.700000	2.848344e-03
33.750000	2.829692e-03
33.800000	2.811161e-03
33.850000	2.792748e-03
33.900000	2.774453e-03
33.950000	2.756275e-03
34.000000	2.738214e-03
34.050000	2.720268e-03
34.100000	2.702438e-03
34.150000	2.684722e-03
34.200000	2.667120e-03
34.250000	2.649631e-03
34.300000	2.632254e-03
34.350000	2.614989e-03
34.400000	2.597835e-03
34.450000	2.580791e-03
34.500000	2.563857e-03
34.550000	2.547032e-03
34.600000	2.530315e-03
34.650000	2.513706e-03
34.700000	2.497203e-03
34.750000	2.480807e-03
34.800000	2.464516e-03
34.850000	2.448330e-03
34.900000	2.432249e-03
34.950000	2.416271e-03
35.000000	2.400396e-03
35.050000	2.384624e-03
35.100000	2.368954e-03
35.150000	2.353384e-03
35.200000	2.337915e-03
35.250000	2.322546e-03
35.300000	2.307276e-03
35.350000	2.292105e-03
35.400000	2.277031e-03
35.450000	2.262055e-03
35.500000	2.247176e-03
35.550000	2.232393e-03
35.600000	2.217706e-03
35.650000	2.203114e-03
35.700000	2.188616e-03
35.750000	2.174211e-03
35.800000	2.159900e-03
35.850000	2.145682e-03
35.900000	2.131556e-03
35.950000	2.117521e-03
36.000000	2.103577e-03
36.050000	2.089724e-03
36.100000	2.075960e-03
36.150000	2.062286e-03
36.200000	2.048700e-03
36.250000	2.035202e-03
36.300000	2.021792e-03
36.350000	2.008469e-03
36.400000	1.995232e-03
36.450000	1.982081e-03
36.500000	1.969016e-03
36.550000	1.956035e-03
36.600000	1.943139e-03
36.650000	1.930326e-03
36.700000	1.917597e-03
36.750000	1.904950e-03
36.800000	1.892386e-03
36.850000	1.879903e-03
36.900000	1.867502e-03
36.950000	1.855181e-03
37.000000	1.842940e-03
37.050000	1.830779e-03
37.100000	1.818697e-03
37.150000	1.806693e-03
37.200000	1.794768e-03
37.250000	1.782920e-03
37.300000	1.771150e-03
37.350000	1.759456e-03
37.400000	1.747839e-03
37.450000	1.736297e-03
37.500000	1.724830e-03
37.550000	1.713438e-03
37.600000	1.702120e-03
37.650000	1.690876e-03
37.700000	1.679706e-03
37.750000	1.668608e-03
37.800000	1.657583e-03
37.850000	1.646629e-03
37.900000	1.635747e-03
37.950000	1.624936e-03
38.000000	1.614196e-03
38.050000	1.603526e-03
38.100000	1.592925e-03
38.150000	1.582394e-03
38.200000	1.571931e-03
38.250000	1.561537e-03
38.300000	1.551211e-03
38.350000	1.540952e-03
38.400000	1.530760e-03
38.450000	1.520635e-03
38.500000	1.510576e-03
38.550000	1.500583e-03
38.600000	1.490655e-03
38.650000	1.480792e-03
38.700000	1.470994e-03
38.750000	1.461260e-03
38.800000	1.451589e-03
38.850000	1.441982e-03
38.900000	1.432438e-03
38.950000	1.422956e-03
39.000000	1.413536e-03
39.050000	1.404178e-03
39.100000	1.394882e-03
39.150000	1.385646e-03
39.200000	1.376471e-03
39.250000	1.367355e-03
39.300000	1.358300e-03
39.350000	1.349304e-03
39.400000	1.340367e-03
39.450000	1.331488e-03
39.500000	1.322668e-03
39.550000	1.313905e-03
39.600000	1.305200e-03
39.650000	1.296552e-03
39.700000	1.287961e-03
39.750000	1.279427e-03
39.800000	1.270948e-03
39.850000	1.262525e-03
39.900000	1.254157e-03
39.950000	1.245844e-03
40.000000	1.237586e-03
40.050000	1.229382e-03
40.100000	1.221231e-03
40.150000	1.213135e-03
40.200000	1.205091e-03
40.250000	1.197101e-03
40.300000	1.189163e-03
40.350000	1.181277e-03
40.400000	1.173442e-03
40.450000	1.165660e-03
40.500000	1.157928e-03
40.550000	1.150248e-03
40.600000	1.142618e-03
40.650000	1.135038e-03
40.700000	1.127508e-03
40.750000	1.120027e-03
40.800000	1.112596e-03
40.850000	1.105213e-03
40.900000	1.097879e-03
40.950000	1.090594e-03
41.000000	1.083356e-03
41.050000	1.076166e-03
41.100000	1.069023e-03
41.150000	1.061928e-03
41.200000	1.054879e-03
41.250000	1.047876e-03
41.300000	1.040920e-03
41.350000	1.034009e-03
41.400000	1.027144e-03
41.450000	1.020325e-03
41.500000	1.013550e-03
41.550000	1.006819e-03
41.600000	1.000133e-03
41.650000	9.934916e-04
41.700000	9.868936e-04
41.750000	9.803390e-04
41.800000	9.738277e-04
41.850000	9.673593e-04
41.900000	9.609335e-04
41.950000	9.545501e-04
42.000000	9.482088e-04
42.050000	9.419094e-04
42.100000	9.356514e-04
42.150000	9.294348e-04
42.200000	9.232592e-04
42.250000	9.171244e-04
42.300000	9.110300e-04
42.350000	9.049758e-04
42.400000	8.989617e-04
42.450000	8.929872e-04
42.500000	8.870521e-04
42.550000	8.811562e-04
42.600000	8.752993e-04
42.650000	8.694810e-04
42.700000	8.637012e-04
42.750000	8.579595e-04
42.800000	8.522558e-04
42.850000	8.465897e-04
42.900000	8.409611e-04
42.950000	8.353696e-04
43.000000	8.298151e-04
43.050000	8.242973e-04
43.100000	8.188160e-04
43.150000	8.133709e-04
43.200000	8.079617e-04
43.250000	8.025884e-04
43.300000	7.972505e-04
43.350000	7.919480e-04
43.400000	7.866805e-04
43.450000	7.814478e-04
43.500000	7.762497e-04
43.550000	7.710860e-04
43.600000	7.659565e-04
43.650000	7.608609e-04
43.700000	7.557989e-04
43.750000	7.507705e-04
43.800000	7.457754e-04
43.850000	7.408133e-04
43.900000	7.358840e-04
43.950000	7.309873e-04
44.000000	7.261231e-04
44.050000	7.212910e-04
44.100000	7.164909e-04
44.150000	7.117226e-04
44.200000	7.069859e-04
44.250000	7.022805e-04
44.300000	6.976063e-04
44.350000	6.929630e-04
44.400000	6.883505e-04
44.450000	6.837685e-04
44.500000	6.792168e-04
44.550000	6.746953e-04
44.600000	6.702038e-04
44.650000	6.657420e-04
44.700000	6.613097e-04
44.750000	6.569068e-04
44.800000	6.525331e-04
44.850000	6.481884e-04
44.900000	6.438724e-04
44.950000	6.395851e-04
45.000000	6.353262e-04
45.050000	6.310954e-04
45.100000	6.268928e-04
45.150000	6.227180e-04
45.200000	6.185708e-04
45.250000	6.144512e-04
45.300000	6.103588e-04
45.350000	6.062936e-04
45.400000	6.022554e-04
45.450000	5.982439e-04
45.500000	5.942590e-04
45.550000	5.903005e-04
45.600000	5.863683e-04
45.650000	5.824622e-04
45.700000	5.785820e-04
45.750000	5.747275e-04
45.800000	5.708986e-04
45.850000	5.670951e-04
45.900000	5.633168e-04
45.950000	5.595636e-04
46.000000	5.558353e-04
46.050000	5.521317e-04
46.100000	5.484527e-04
46.150000	5.447982e-04
46.200000	5.411678e-04
46.250000	5.375616e-04
46.300000	5.339793e-04
46.350000	5.304208e-04
46.400000	5.268859e-04
46.450000	5.233744e-04
46.500000	5.198863e-04
46.550000	5.164213e-04
46.600000	5.129794e-04
46.650000	5.095603e-04
46.700000	5.061639e-04
46.750000	5.027900e-04
46.800000	4.994386e-04
46.850000	4.961094e-04
46.900000	4.928023e-04
46.950000	4.895172e-04
47.000000	4.862539e-04
47.050000	4.830122e-04
47.100000	4.797921e-04
47.150000	4.765934e-04
47.200000	4.734160e-04
47.250000	4.702596e-04
47.300000	4.671243e-04
47.350000	4.640097e-04
47.400000	4.609159e-04
47.450000	4.578426e-04
47.500000	4.547897e-04
47.550000	4.517571e-04
47.600000	4.487447e-04
47.650000	4.457523e-04
47.700000	4.427798e-04
47.750000	4.398270e-04
47.800000	4.368939e-04
47.850000	4.339803e-04
47.900000	4.310860e-04
47.950000	4.282110e-04
48.000000	4.253551e-04
48.050000	4.225181e-04
48.100000	4.197001e-04
48.150000	4.169007e-04
48.200000	4.141200e-04
48.250000	4.113578e-04
48.300000	4.086139e-04
48.350000	4.058883e-04
48.400000	4.031808e-04
48.450000	4.004914e-04
48.500000	3.978198e-04
48.550000	3.951659e-04
48.600000	3.925298e-04
48.650000	3.899111e-04
48.700000	3.873099e-04
48.750000	3.847260e-04
48.800000	3.821593e-04
48.850000	3.796096e-04
48.900000	3.770769e-04
48.950000	3.745611e-04
49.000000	3.720620e-04
49.050000	3.695795e-04
49.100000	3.671136e-04
49.150000	3.646640e-04
49.200000	3.622308e-04
49.250000	3.598137e-04
49.300000	3.574128e-04
49.350000	3.550278e-04
49.400000	3.526586e-04
49.450000	3.503053e-04
49.500000	3.479676e-04
49.550000	3.456455e-04
49.600000	3.433388e-04
49.650000	3.410475e-04
49.700000	3.387714e-04
49.750000	3.365105e-04
49.800000	3.342647e-04
49.850000	3.320338e-04
49.900000	3.298177e-04
49.950000	3.276164e-04
50.000000	3.254298e-04
