0.000000	4.475416e-02
0.050000	4.475394e-02
0.100000	4.475327e-02
0.150000	4.475214e-02
0.200000	4.475058e-02
0.250000	4.474856e-02
0.300000	4.474610e-02
0.350000	4.474318e-02
0.400000	4.473982e-02
0.450000	4.473601e-02
0.500000	4.473176e-02
0.550000	4.472706e-02
0.600000	4.472191e-02
0.650000	4.471631e-02
0.700000	4.471027e-02
0.750000	4.470378e-02
0.800000	4.469684e-02
0.850000	4.468946e-02
0.900000	4.468163e-02
0.950000	4.467336e-02
1.000000	4.466464e-02
1.050000	4.465548e-02
1.100000	4.464587e-02
1.150000	4.463582e-02
1.200000	4.462533e-02
1.250000	4.461439e-02
1.300000	4.460301e-02
1.350000	4.459119e-02
1.400000	4.457893e-02
1.450000	4.456622e-02
1.500000	4.455308e-02
1.550000	4.453949e-02
1.600000	4.452547e-02
1.650000	4.451100e-02
1.700000	4.449610e-02
1.750000	4.448076e-02
1.800000	4.446498e-02
1.850000	4.444877e-02
1.900000	4.443212e-02
1.950000	4.441503e-02
2.000000	4.439751e-02
2.050000	4.437955e-02
2.100000	4.436117e-02
2.150000	4.434235e-02
2.200000	4.432309e-02
2.250000	4.430341e-02
2.300000	4.428330e-02
2.350000	4.426275e-02
2.400000	4.424178e-02
2.450000	4.422038e-02
2.500000	4.419856e-02
2.550000	4.417630e-02
2.600000	4.415363e-02
2.650000	4.413052e-02
2.700000	4.410700e-02
2.750000	4.408305e-02
2.800000	4.405868e-02
2.850000	4.403389e-02
2.900000	4.400868e-02
2.950000	4.398305e-02
3.000000	4.395700e-02
3.050000	4.393054e-02
3.100000	4.390366e-02
3.150000	4.387637e-02
3.200000	4.384866e-02
3.250000	4.382054e-02
3.300000	4.379201e-02
3.350000	4.376307e-02
3.400000	4.373372e-02
3.450000	4.370396e-02
3.500000	4.367379e-02
3.550000	4.364322e-02
3.600000	4.361224e-02
3.650000	4.358086e-02
3.700000	4.354908e-02
3.750000	4.351690e-02
3.800000	4.348432e-02
3.850000	4.345134e-02
3.900000	4.341796e-02
3.950000	4.338419e-02
4.000000	4.335002e-02
4.050000	4.331546e-02
4.100000	4.328051e-02
4.150000	4.324516e-02
4.200000	4.320943e-02
4.250000	4.317331e-02
4.300000	4.313680e-02
4.350000	4.309991e-02
4.400000	4.306263e-02
4.450000	4.302498e-02
4.500000	4.298694e-02
4.550000	4.294852e-02
4.600000	4.290972e-02
4.650000	4.287055e-02
4.700000	4.283100e-02
4.750000	4.279107e-02
4.800000	4.275078e-02
4.850000	4.271011e-02
4.900000	4.266908e-02
4.950000	4.262768e-02
5.000000	4.258591e-02
5.050000	4.254378e-02
5.100000	4.250128e-02
5.150000	4.245843e-02
5.200000	4.241521e-02
5.250000	4.237163e-02
5.300000	4.232770e-02
5.350000	4.228342e-02
5.400000	4.223878e-02
5.450000	4.219379e-02
5.500000	4.214844e-02
5.550000	4.210276e-02
5.600000	4.205672e-02
5.650000	4.201034e-02
5.700000	4.196361e-02
5.750000	4.191655e-02
5.800000	4.186914e-02
5.850000	4.182140e-02
5.900000	4.177331e-02
5.950000	4.172490e-02
6.000000	4.167615e-02
6.050000	4.162707e-02
6.100000	4.157766e-02
6.150000	4.152792e-02
6.200000	4.147786e-02
6.250000	4.142747e-02
6.300000	4.137676e-02
6.350000	4.132573e-02
6.400000	4.127438e-02
6.450000	4.122272e-02
6.500000	4.117074e-02
6.550000	4.111844e-02
6.600000	4.106584e-02
6.650000	4.101292e-02
6.700000	4.095970e-02
6.750000	4.090617e-02
6.800000	4.085234e-02
6.850000	4.079820e-02
6.900000	4.074377e-02
6.950000	4.068903e-02
7.000000	4.063400e-02
7.050000	4.057868e-02
7.100000	4.052306e-02
7.150000	4.046715e-02
7.200000	4.041095e-02
7.250000	4.035447e-02
7.300000	4.029770e-02
7.350000	4.024065e-02
7.400000	4.018332e-02
7.450000	4.012571e-02
7.500000	4.006782e-02
7.550000	4.000965e-02
7.600000	3.995122e-02
7.650000	3.989251e-02
7.700000	3.983353e-02
7.750000	3.977428e-02
7.800000	3.971477e-02
7.850000	3.965500e-02
7.900000	3.959496e-02
7.950000	3.953467e-02
8.000000	3.947412e-02
8.050000	3.941331e-02
8.100000	3.935225e-02
8.150000	3.929093e-02
8.200000	3.922937e-02
8.250000	3.916756e-02
8.300000	3.910551e-02
8.350000	3.904321e-02
8.400000	3.898067e-02
8.450000	3.891789e-02
8.500000	3.885488e-02
8.550000	3.879163e-02
8.600000	3.872814e-02
8.650000	3.866443e-02
8.700000	3.860048e-02
8.750000	3.853631e-02
8.800000	3.847191e-02
8.850000	3.840729e-02
8.900000	3.834245e-02
8.950000	3.827739e-02
9.000000	3.821212e-02
9.050000	3.814662e-02
9.100000	3.808092e-02
9.150000	3.801501e-02
9.200000	3.794888e-02
9.250000	3.788255e-02
9.300000	3.781602e-02
9.350000	3.774928e-02
9.400000	3.768234e-02
9.450000	3.761520e-02
9.500000	3.754787e-02
9.550000	3.748034e-02
9.600000	3.741262e-02
9.650000	3.734471e-02
9.700000	3.727661e-02
9.750000	3.720833e-02
9.800000	3.713986e-02
9.850000	3.707121e-02
9.900000	3.700238e-02
9.950000	3.693337e-02
10.000000	3.686418e-02
10.050000	3.679483e-02
10.100000	3.672529e-02
10.150000	3.665559e-02
10.200000	3.658573e-02
10.250000	3.651569e-02
10.300000	3.644549e-02
10.350000	3.637513e-02
10.400000	3.630461e-02
10.450000	3.623394e-02
10.500000	3.616310e-02
10.550000	3.609212e-02
10.600000	3.602098e-02
10.650000	3.594969e-02
10.700000	3.587826e-02
10.750000	3.580668e-02
10.800000	3.573495e-02
10.850000	3.566309e-02
10.900000	3.559108e-02
10.950000	3.551894e-02
11.000000	3.544666e-02
11.050000	3.537425e-02
11.100000	3.530171e-02
11.150000	3.522904e-02
11.200000	3.515624e-02
11.250000	3.508331e-02
11.300000	3.501026e-02
11.350000	3.493709e-02
11.400000	3.486380e-02
11.450000	3.479039e-02
11.500000	3.471687e-02
11.550000	3.464323e-02
11.600000	3.456948e-02
11.650000	3.449562e-02
11.700000	3.442166e-02
11.750000	3.434758e-02
11.800000	3.427341e-02
11.850000	3.419913e-02
11.900000	3.412475e-02
11.950000	3.405027e-02
12.000000	3.397570e-02
12.050000	3.390103e-02
12.100000	3.382627e-02
12.150000	3.375142e-02
12.200000	3.367648e-02
12.250000	3.360145e-02
12.300000	3.352634e-02
12.350000	3.345114e-02
12.400000	3.337587e-02
12.450000	3.330051e-02
12.500000	3.322508e-02
12.550000	3.314957e-02
12.600000	3.307399e-02
12.650000	3.299833e-02
12.700000	3.292261e-02
12.750000	3.284682e-02
12.800000	3.277096e-02
12.850000	3.269503e-02
12.900000	3.261905e-02
12.950000	3.254300e-02
13.000000	3.246689e-02
13.050000	3.239073e-02
13.100000	3.231451e-02
13.150000	3.223824e-02
13.200000	3.216191e-02
13.250000	3.208554e-02
13.300000	3.200912e-02
13.350000	3.193265e-02
13.400000	3.185613e-02
13.450000	3.177957e-02
13.500000	3.170297e-02
13.550000	3.162633e-02
13.600000	3.154966e-02
13.650000	3.147294e-02
13.700000	3.139619e-02
13.750000	3.131941e-02
13.800000	3.124260e-02
13.850000	3.116576e-02
13.900000	3.108889e-02
13.950000	3.101199e-02
14.000000	3.093507e-02
14.050000	3.085813e-02
14.100000	3.078116e-02
14.150000	3.070418e-02
14.200000	3.062718e-02
14.250000	3.055016e-02
14.300000	3.047313e-02
14.350000	3.039608e-02
14.400000	3.031902e-02
14.450000	3.024196e-02
14.500000	3.016488e-02
14.550000	3.008780e-02
14.600000	3.001071e-02
14.650000	2.993362e-02
14.700000	2.985653e-02
14.750000	2.977944e-02
14.800000	2.970235e-02
14.850000	2.962526e-02
14.900000	2.954817e-02
14.950000	2.947109e-02
15.000000	2.939402e-02
15.050000	2.931696e-02
15.100000	2.923990e-02
15.150000	2.916286e-02
15.200000	2.908583e-02
15.250000	2.900882e-02
15.300000	2.893182e-02
15.350000	2.885484e-02
15.400000	2.877788e-02
15.450000	2.870094e-02
15.500000	2.862402e-02
15.550000	2.854713e-02
15.600000	2.847026e-02
15.650000	2.839341e-02
15.700000	2.831660e-02
15.750000	2.823981e-02
15.800000	2.816305e-02
15.850000	2.808632e-02
15.900000	2.800963e-02
15.950000	2.793297e-02
16.000000	2.785635e-02
16.050000	2.777976e-02
16.100000	2.770322e-02
16.150000	2.762671e-02
16.200000	2.755024e-02
16.250000	2.747382e-02
16.300000	2.739743e-02
16.350000	2.732110e-02
16.400000	2.724481e-02
16.450000	2.716856e-02
16.500000	2.709237e-02
16.550000	2.701623e-02
16.600000	2.694013e-02
16.650000	2.686409e-02
16.700000	2.678811e-02
16.750000	2.671217e-02
16.800000	2.663630e-02
16.850000	2.656048e-02
16.900000	2.648472e-02
16.950000	2.640902e-02
17.000000	2.633337e-02
17.050000	2.625780e-02
17.100000	2.618228e-02
17.150000	2.610683e-02
17.200000	2.603144e-02
17.250000	2.595612e-02
17.300000	2.588087e-02
17.350000	2.580569e-02
17.400000	2.573058e-02
17.450000	2.565553e-02
17.500000	2.558056e-02
17.550000	2.550567e-02
17.600000	2.543084e-02
17.650000	2.535610e-02
17.700000	2.528142e-02
17.750000	2.520683e-02
17.800000	2.513231e-02
17.850000	2.505788e-02
17.900000	2.498352e-02
17.950000	2.490925e-02
18.000000	2.483505e-02
18.050000	2.476094e-02
18.100000	2.468692e-02
18.150000	2.461298e-02
18.200000	2.453913e-02
18.250000	2.446536e-02
18.300000	2.439168e-02
18.350000	2.431809e-02
18.400000	2.424460e-02
18.450000	2.417119e-02
18.500000	2.409787e-02
18.550000	2.402465e-02
18.600000	2.395152e-02
18.650000	2.387849e-02
18.700000	2.380555e-02
18.750000	2.373271e-02
18.800000	2.365996e-02
18.850000	2.358731e-02
18.900000	2.351477e-02
18.950000	2.344232e-02
19.000000	2.336997e-02
19.050000	2.329772e-02
19.100000	2.322558e-02
19.150000	2.315354e-02
19.200000	2.308160e-02
19.250000	2.300977e-02
19.300000	2.293804e-02
19.350000	2.286642e-02
19.400000	2.279491e-02
19.450000	2.272350e-02
19.500000	2.265220e-02
19.550000	2.258102e-02
19.600000	2.250994e-02
19.650000	2.243897e-02
19.700000	2.236811e-02
19.750000	2.229737e-02
19.800000	2.222674e-02
19.850000	2.215622e-02
19.900000	2.208582e-02
19.950000	2.201553e-02
20.000000	2.194536e-02
20.050000	2.187530e-02
20.100000	2.180536e-02
20.150000	2.173554e-02
20.200000	2.166583e-02
20.250000	2.159625e-02
20.300000	2.152678e-02
20.350000	2.145744e-02
20.400000	2.138821e-02
20.450000	2.131911e-02
20.500000	2.125013e-02
20.550000	2.118127e-02
20.600000	2.111253e-02
20.650000	2.104392e-02
20.700000	2.097543e-02
20.750000	2.090707e-02
20.800000	2.083883e-02
20.850000	2.077071e-02
20.900000	2.070273e-02
20.950000	2.063487e-02
21.000000	2.056714e-02
21.050000	2.049953e-02
21.100000	2.043206e-02
21.150000	2.036471e-02
21.200000	2.029750e-02
21.250000	2.023041e-02
21.300000	2.016345e-02
21.350000	2.009663e-02
21.400000	2.002993e-02
21.450000	1.996337e-02
21.500000	1.989694e-02
21.550000	1.983064e-02
21.600000	1.976448e-02
21.650000	1.969845e-02
21.700000	1.963255e-02
21.750000	1.956679e-02
21.800000	1.950117e-02
21.850000	1.943567e-02
21.900000	1.937032e-02
21.950000	1.930510e-02
22.000000	1.924002e-02
22.050000	1.917507e-02
22.100000	1.911026e-02
22.150000	1.904559e-02
22.200000	1.898105e-02
22.250000	1.891666e-02
22.300000	1.885240e-02
22.350000	1.878829e-02
22.400000	1.872431e-02
22.450000	1.866047e-02
22.500000	1.859677e-02
22.550000	1.853321e-02
22.600000	1.846979e-02
22.650000	1.840652e-02
22.700000	1.834338e-02
22.750000	1.828039e-02
22.800000	1.821754e-02
22.850000	1.815483e-02
22.900000	1.809226e-02
22.950000	1.802983e-02
23.000000	1.796755e-02
23.050000	1.790541e-02
23.100000	1.784342e-02
23.150000	1.778156e-02
23.200000	1.771986e-02
23.250000	1.765829e-02
23.300000	1.759687e-02
23.350000	1.753560e-02
23.400000	1.747447e-02
23.450000	1.741348e-02
23.500000	1.735264e-02
23.550000	1.729195e-02
23.600000	1.723140e-02
23.650000	1.717100e-02
23.700000	1.711074e-02
23.750000	1.705063e-02
23.800000	1.699066e-02
23.850000	1.693085e-02
23.900000	1.687117e-02
23.950000	1.681165e-02
24.000000	1.675227e-02
24.050000	1.669304e-02
24.100000	1.663396e-02
24.150000	1.657502e-02
24.200000	1.651623e-02
24.250000	1.645759e-02
24.300000	1.639910e-02
24.350000	1.634076e-02
24.400000	1.628256e-02
24.450000	1.622451e-02
24.500000	1.616661e-02
24.550000	1.610886e-02
24.600000	1.605126e-02
24.650000	1.599380e-02
24.700000	1.593649e-02
24.750000	1.587934e-02
24.800000	1.582233e-02
24.850000	1.576547e-02
24.900000	1.570876e-02
24.950000	1.565219e-02
25.000000	1.559578e-02
25.050000	1.553952e-02
25.100000	1.548340e-02
25.150000	1.542744e-02
25.200000	1.537162e-02
25.250000	1.531595e-02
25.300000	1.526044e-02
25.350000	1.520507e-02
25.400000	1.514985e-02
25.450000	1.509478e-02
25.500000	1.503986e-02
25.550000	1.498509e-02
25.600000	1.493046e-02
25.650000	1.487599e-02
25.700000	1.482167e-02
25.750000	1.476750e-02
25.800000	1.471347e-02
25.850000	1.465960e-02
25.900000	1.460587e-02
25.950000	1.455230e-02
26.000000	1.449887e-02
26.050000	1.444559e-02
26.100000	1.439246e-02
26.150000	1.433948e-02
26.200000	1.428665e-02
26.250000	1.423397e-02
26.300000	1.418144e-02
26.350000	1.412906e-02
26.400000	1.407683e-02
26.450000	1.402474e-02
26.500000	1.397281e-02
26.550000	1.392102e-02
26.600000	1.386938e-02
26.650000	1.381789e-02
26.700000	1.376655e-02
26.750000	1.371536e-02
26.800000	1.366431e-02
26.850000	1.361342e-02
26.900000	1.356267e-02
26.950000	1.351207e-02
27.000000	1.346162e-02
27.050000	1.341132e-02
27.100000	1.336116e-02
27.150000	1.331115e-02
27.200000	1.326129e-02
27.250000	1.321158e-02
27.300000	1.316202e-02
27.350000	1.311260e-02
27.400000	1.306333e-02
27.450000	1.301420e-02
27.500000	1.296523e-02
27.550000	1.291640e-02
27.600000	1.286772e-02
27.650000	1.281918e-02
27.700000	1.277079e-02
27.750000	1.272255e-02
27.800000	1.267445e-02
27.850000	1.262650e-02
27.900000	1.257869e-02
27.950000	1.253103e-02
28.000000	1.248352e-02
28.050000	1.243615e-02
28.100000	1.238893e-02
28.150000	1.234185e-02
28.200000	1.229491e-02
28.250000	1.224813e-02
28.300000	1.220148e-02
28.350000	1.215498e-02
28.400000	1.210863e-02
28.450000	1.206242e-02
28.500000	1.201635e-02
28.550000	1.197042e-02
28.600000	1.192464e-02
28.650000	1.187901e-02
28.700000	1.183351e-02
28.750000	1.178816e-02
28.800000	1.174296e-02
28.850000	1.169789e-02
28.900000	1.165297e-02
28.950000	1.160819e-02
29.000000	1.156355e-02
29.050000	1.151905e-02
29.100000	1.147470e-02
29.150000	1.143049e-02
29.200000	1.138641e-02
29.250000	1.134248e-02
29.300000	1.129869e-02
29.350000	1.125504e-02
29.400000	1.121153e-02
29.450000	1.116817e-02
29.500000	1.112494e-02
29.550000	1.108185e-02
29.600000	1.103890e-02
29.650000	1.099609e-02
29.700000	1.095342e-02
29.750000	1.091088e-02
29.800000	1.086849e-02
29.850000	1.082623e-02
29.900000	1.078412e-02
29.950000	1.074214e-02
30.000000	1.070030e-02
30.050000	1.065859e-02
30.100000	1.061702e-02
30.150000	1.057559e-02
30.200000	1.053430e-02
30.250000	1.049314e-02
30.300000	1.045212e-02
30.350000	1.041124e-02
30.400000	1.037049e-02
30.450000	1.032988e-02
30.500000	1.028940e-02
30.550000	1.024905e-02
30.600000	1.020885e-02
30.650000	1.016877e-02
30.700000	1.012883e-02
30.750000	1.008903e-02
30.800000	1.004936e-02
30.850000	1.000982e-02
30.900000	9.970413e-03
30.950000	9.931141e-03
31.000000	9.892001e-03
31.050000	9.852994e-03
31.100000	9.814120e-03
31.150000	9.775377e-03
31.200000	9.736766e-03
31.250000	9.698286e-03
31.300000	9.659937e-03
31.350000	9.621719e-03
31.400000	9.583632e-03
31.450000	9.545675e-03
31.500000	9.507848e-03
31.550000	9.470151e-03
31.600000	9.432583e-03
31.650000	9.395144e-03
31.700000	9.357835e-03
31.750000	9.320654e-03
31.800000	9.283601e-03
31.850000	9.246676e-03
31.900000	9.209880e-03
31.950000	9.173210e-03
32.000000	9.136668e-03
32.050000	9.100253e-03
32.100000	9.063965e-03
32.150000	9.027803e-03
32.200000	8.991767e-03
32.250000	8.955857e-03
32.300000	8.920073e-03
32.350000	8.884414e-03
32.400000	8.848879e-03
32.450000	8.813470e-03
32.500000	8.778185e-03
32.550000	8.743024e-03
32.600000	8.707986e-03
32.650000	8.673072e-03
32.700000	8.638282e-03
32.750000	8.603614e-03
32.800000	8.569069e-03
32.850000	8.534646e-03
32.900000	8.500346e-03
32.950000	8.466167e-03
33.000000	8.432109e-03
33.050000	8.398173e-03
33.100000	8.364358e-03
33.150000	8.330663e-03
33.200000	8.297088e-03
33.250000	8.263634e-03
33.300000	8.230299e-03
33.350000	8.197083e-03
33.400000	8.163987e-03
33.450000	8.131009e-03
33.500000	8.098150e-03
33.550000	8.065409e-03
33.600000	8.032786e-03
33.650000	8.000280e-03
33.700000	7.967892e-03
33.750000	7.935620e-03
33.800000	7.903466e-03
33.850000	7.871427e-03
33.900000	7.839505e-03
33.950000	7.807698e-03
34.000000	7.776007e-03
34.050000	7.744432e-03
34.100000	7.712971e-03
34.150000	7.681624e-03
34.200000	7.650392e-03
34.250000	7.619274e-03
34.300000	7.588269e-03
34.350000	7.557378e-03
34.400000	7.526599e-03
34.450000	7.495934e-03
34.500000	7.465381e-03
34.550000	7.434940e-03
34.600000	7.404610e-03
34.650000	7.374393e-03
34.700000	7.344286e-03
34.750000	7.314290e-03
34.800000	7.284405e-03
34.850000	7.254631e-03
34.900000	7.224966e-03
34.950000	7.195411e-03
35.000000	7.165965e-03
35.050000	7.136628e-03
35.100000	7.107400e-03
35.150000	7.078281e-03
35.200000	7.049269e-03
35.250000	7.020366e-03
35.300000	6.991570e-03
35.350000	6.962881e-03
35.400000	6.934299e-03
35.450000	6.905824e-03
35.500000	6.877455e-03
35.550000	6.849192e-03
35.600000	6.821035e-03
35.650000	6.792983e-03
35.700000	6.765036e-03
35.750000	6.737194e-03
35.800000	6.709456e-03
35.850000	6.681823e-03
35.900000	6.654293e-03
35.950000	6.626867e-03
36.000000	6.599545e-03
36.050000	6.572325e-03
36.100000	6.545208e-03
36.150000	6.518193e-03
36.200000	6.491280e-03
36.250000	6.464469e-03
36.300000	6.437760e-03
36.350000	6.411151e-03
36.400000	6.384643e-03
36.450000	6.358236e-03
36.500000	6.331929e-03
36.550000	6.305722e-03
36.600000	6.279615e-03
36.650000	6.253607e-03
36.700000	6.227698e-03
36.750000	6.201887e-03
36.800000	6.176175e-03
36.850000	6.150561e-03
36.900000	6.125045e-03
36.950000	6.099627e-03
37.000000	6.074305e-03
37.050000	6.049081e-03
37.100000	6.023953e-03
37.150000	5.998921e-03
37.200000	5.973985e-03
37.250000	5.949145e-03
37.300000	5.924401e-03
37.350000	5.899751e-03
37.400000	5.875197e-03
37.450000	5.850736e-03
37.500000	5.826371e-03
37.550000	5.802099e-03
37.600000	5.777920e-03
37.650000	5.753835e-03
37.700000	5.729843e-03
37.750000	5.705944e-03
37.800000	5.682137e-03
37.850000	5.658422e-03
37.900000	5.634799e-03
37.950000	5.611267e-03
38.000000	5.587827e-03
38.050000	5.564478e-03
38.100000	5.541220e-03
38.150000	5.518051e-03
38.200000	5.494973e-03
38.250000	5.471985e-03
38.300000	5.449086e-03
38.350000	5.426277e-03
38.400000	5.403556e-03
38.450000	5.380924e-03
38.500000	5.358380e-03
38.550000	5.335925e-03
38.600000	5.313557e-03
38.650000	5.291276e-03
38.700000	5.269083e-03
38.750000	5.246977e-03
38.800000	5.224957e-03
38.850000	5.203024e-03
38.900000	5.181176e-03
38.950000	5.159415e-03
39.000000	5.137739e-03
39.050000	5.116148e-03
39.100000	5.094642e-03
39.150000	5.073220e-03
39.200000	5.051883e-03
39.250000	5.030630e-03
39.300000	5.009461e-03
39.350000	4.988375e-03
39.400000	4.967373e-03
39.450000	4.946453e-03
39.500000	4.925616e-03
39.550000	4.904861e-03
39.600000	4.884189e-03
39.650000	4.863598e-03
39.700000	4.843089e-03
39.750000	4.822661e-03
39.800000	4.802314e-03
39.850000	4.782048e-03
39.900000	4.761862e-03
39.950000	4.741757e-03
40.000000	4.721731e-03
40.050000	4.701785e-03
40.100000	4.681918e-03
40.150000	4.662130e-03
40.200000	4.642421e-03
40.250000	4.622791e-03
40.300000	4.603238e-03
40.350000	4.583764e-03
40.400000	4.564368e-03
40.450000	4.545049e-03
40.500000	4.525807e-03
40.550000	4.506642e-03
40.600000	4.487553e-03
40.650000	4.468541e-03
40.700000	4.449605e-03
40.750000	4.430745e-03
40.800000	4.411961e-03
40.850000	4.393251e-03
40.900000	4.374617e-03
40.950000	4.356058e-03
41.000000	4.337573e-03
41.050000	4.319162e-03
41.100000	4.300825e-03
41.150000	4.282563e-03
41.200000	4.264373e-03
41.250000	4.246257e-03
41.300000	4.228213e-03
41.350000	4.210243e-03
41.400000	4.192345e-03
41.450000	4.174519e-03
41.500000	4.156764e-03
41.550000	4.139082e-03
41.600000	4.121471e-03
41.650000	4.103931e-03
41.700000	4.086462e-03
41.750000	4.069063e-03
41.800000	4.051735e-03
41.850000	4.034478e-03
41.900000	4.017290e-03
41.950000	4.000171e-03
42.000000	3.983122e-03
42.050000	3.966142e-03
42.100000	3.949231e-03
42.150000	3.932389e-03
42.200000	3.915615e-03
42.250000	3.898909e-03
42.300000	3.882271e-03
42.350000	3.865701e-03
42.400000	3.849198e-03
42.450000	3.832762e-03
42.500000	3.816393e-03
42.550000	3.800091e-03
42.600000	3.783855e-03
42.650000	3.767686e-03
42.700000	3.751582e-03
42.750000	3.735544e-03
42.800000	3.719572e-03
42.850000	3.703664e-03
42.900000	3.687822e-03
42.950000	3.672045e-03
43.000000	3.656331e-03
43.050000	3.640683e-03
43.100000	3.625098e-03
43.150000	3.609577e-03
43.200000	3.594119e-03
43.250000	3.578725e-03
43.300000	3.563394e-03
43.350000	3.548126e-03
43.400000	3.532920e-03
43.450000	3.517777e-03
43.500000	3.502696e-03
43.550000	3.487677e-03
43.600000	3.472719e-03
43.650000	3.457823e-03
43.700000	3.442988e-03
43.750000	3.428215e-03
43.800000	3.413502e-03
43.850000	3.398849e-03
43.900000	3.384257e-03
43.950000	3.369725e-03
44.000000	3.355253e-03
44.050000	3.340840e-03
44.100000	3.326487e-03
44.150000	3.312193e-03
44.200000	3.297958e-03
44.250000	3.283782e-03
44.300000	3.269665e-03
44.350000	3.255605e-03
44.400000	3.241604e-03
44.450000	3.227661e-03
44.500000	3.213775e-03
44.550000	3.199947e-03
44.600000	3.186176e-03
44.650000	3.172462e-03
44.700000	3.158804e-03
44.750000	3.145204e-03
44.800000	3.131659e-03
44.850000	3.118171e-03
44.900000	3.104739e-03
44.950000	3.091362e-03
45.000000	3.078041e-03
45.050000	3.064776e-03
45.100000	3.051565e-03
45.150000	3.038409e-03
45.200000	3.025308e-03
45.250000	3.012261e-03
45.300000	2.999269e-03
45.350000	2.986331e-03
45.400000	2.973446e-03
45.450000	2.960615e-03
45.500000	2.947837e-03
45.550000	2.935113e-03
45.600000	2.922442e-03
45.650000	2.909823e-03
45.700000	2.897257e-03
45.750000	2.884744e-03
45.800000	2.872282e-03
45.850000	2.859873e-03
45.900000	2.847515e-03
45.950000	2.835209e-03
46.000000	2.822955e-03
46.050000	2.810752e-03
46.100000	2.798599e-03
46.150000	2.786498e-03
46.200000	2.774447e-03
46.250000	2.762446e-03
46.300000	2.750496e-03
46.350000	2.738595e-03
46.400000	2.726745e-03
46.450000	2.714944e-03
46.500000	2.703192e-03
46.550000	2.691490e-03
46.600000	2.679837e-03
46.650000	2.668232e-03
46.700000	2.656677e-03
46.750000	2.645169e-03
46.800000	2.633710e-03
46.850000	2.622300e-03
46.900000	2.610937e-03
46.950000	2.599621e-03
47.000000	2.588354e-03
47.050000	2.577133e-03
47.100000	2.565960e-03
47.150000	2.554834e-03
47.200000	2.543754e-03
47.250000	2.532722e-03
47.300000	2.521735e-03
47.350000	2.510795e-03
47.400000	2.499901e-03
47.450000	2.489053e-03
47.500000	2.478250e-03
47.550000	2.467493e-03
47.600000	2.456782e-03
47.650000	2.446115e-03
47.700000	2.435493e-03
47.750000	2.424917e-03
47.800000	2.414385e-03
47.850000	2.403897e-03
47.900000	2.393454e-03
47.950000	2.383054e-03
48.000000	2.372699e-03
48.050000	2.362387e-03
48.100000	2.352119e-03
48.150000	2.341894e-03
48.200000	2.331713e-03
48.250000	2.321575e-03
48.300000	2.311479e-03
48.350000	2.301426e-03
48.400000	2.291416e-03
48.450000	2.281448e-03
48.500000	2.271522e-03
48.550000	2.261639e-03
48.600000	2.251797e-03
48.650000	2.241997e-03
48.700000	2.232238e-03
48.750000	2.222521e-03
48.800000	2.212845e-03
48.850000	2.203210e-03
48.900000	2.193616e-03
48.950000	2.184062e-03
49.000000	2.174550e-03
49.050000	2.165077e-03
49.100000	2.155645e-03
49.150000	2.146253e-03
49.200000	2.136900e-03
49.250000	2.127588e-03
49.300000	2.118315e-03
49.350000	2.109081e-03
49.400000	2.099887e-03
49.450000	2.090732e-03
49.500000	2.081615e-03
49.550000	2.072538e-03
49.600000	2.063499e-03
49.650000	2.054499e-03
49.700000	2.045537e-03
49.750000	2.036613e-03
49.800000	2.027727e-03
49.850000	2.018879e-03
49.900000	2.010068e-03
49.950000	2.001296e-03
50.000000	1.992560e-03
