0.010000	1.000000e+00
0.060000	1.000000e+00
0.110000	1.000000e+00
0.160000	1.000000e+00
0.210000	1.000000e+00
0.260000	1.000000e+00
0.310000	1.000000e+00
0.360000	1.000000e+00
0.410000	1.000000e+00
0.460000	1.000000e+00
0.510000	1.000000e+00
0.560000	1.000000e+00
0.610000	1.000000e+00
0.660000	1.000000e+00
0.710000	1.000000e+00
0.760000	1.000000e+00
0.810000	1.000000e+00
0.860000	1.000000e+00
0.910000	1.000000e+00
0.960000	1.000000e+00
1.010000	1.000000e+00
1.060000	1.000000e+00
1.110000	1.000000e+00
1.160000	1.000000e+00
1.210000	1.000000e+00
1.260000	1.000000e+00
1.310000	1.000000e+00
1.360000	1.000000e+00
1.410000	1.000000e+00
1.460000	1.000000e+00
1.510000	1.000000e+00
1.560000	1.000000e+00
1.610000	1.000000e+00
1.660000	1.000000e+00
1.710000	1.000000e+00
1.760000	1.000000e+00
1.810000	1.000000e+00
1.860000	1.000000e+00
1.910000	1.000000e+00
1.960000	1.000000e+00
2.010000	1.000000e+00
2.060000	1.000000e+00
2.110000	1.000000e+00
2.160000	1.000000e+00
2.210000	1.000000e+00
2.260000	1.000000e+00
2.310000	1.000000e+00
2.360000	1.000000e+00
2.410000	1.000000e+00
2.460000	1.000000e+00
2.510000	1.000000e+00
2.560000	1.000000e+00
2.610000	1.000000e+00
2.660000	1.000000e+00
2.710000	1.000000e+00
2.760000	1.000000e+00
2.810000	1.000000e+00
2.860000	1.000000e+00
2.910000	1.000000e+00
2.960000	1.000000e+00
3.010000	1.000000e+00
3.060000	1.000000e+00
3.110000	1.000000e+00
3.160000	1.000000e+00
3.210000	1.000000e+00
3.260000	1.000000e+00
3.310000	1.000000e+00
3.360000	1.000000e+00
3.410000	1.000000e+00
3.460000	1.000000e+00
3.510000	1.000000e+00
3.560000	1.000000e+00
3.610000	1.000000e+00
3.660000	1.000000e+00
3.710000	1.000000e+00
3.760000	1.000000e+00
3.810000	1.000000e+00
3.860000	1.000000e+00
3.910000	1.000000e+00
3.960000	1.000000e+00
4.010000	1.000000e+00
4.060000	1.000000e+00
4.110000	1.000000e+00
4.160000	1.000000e+00
4.210000	1.000000e+00
4.260000	1.000000e+00
4.310000	1.000000e+00
4.360000	1.000000e+00
4.410000	1.000000e+00
4.460000	1.000000e+00
4.510000	1.000000e+00
4.560000	1.000000e+00
4.610000	1.000000e+00
4.660000	1.000000e+00
4.710000	1.000000e+00
4.760000	1.000000e+00
4.810000	1.000000e+00
4.860000	1.000000e+00
4.910000	1.000000e+00
4.960000	1.000000e+00
5.010000	1.000000e+00
5.060000	1.000000e+00
5.110000	1.000000e+00
5.160000	1.000000e+00
5.210000	1.000000e+00
5.260000	1.000000e+00
5.310000	1.000000e+00
5.360000	1.000000e+00
5.410000	1.000000e+00
5.460000	1.000000e+00
5.510000	1.000000e+00
5.560000	1.000000e+00
5.610000	1.000000e+00
5.660000	1.000000e+00
5.710000	1.000000e+00
5.760000	1.000000e+00
5.810000	1.000000e+00
5.860000	1.000000e+00
5.910000	1.000000e+00
5.960000	1.000000e+00
6.010000	1.000000e+00
6.060000	1.000000e+00
6.110000	1.000000e+00
6.160000	1.000000e+00
6.210000	1.000000e+00
6.260000	1.000000e+00
6.310000	1.000000e+00
6.360000	1.000000e+00
6.410000	9.999999e-01
6.460000	9.999999e-01
6.510000	9.999999e-01
6.560000	9.999999e-01
6.610000	9.999999e-01
6.660000	9.999999e-01
6.710000	9.999999e-01
6.760000	9.999999e-01
6.810000	9.999998e-01
6.860000	9.999998e-01
6.910000	9.999998e-01
6.960000	9.999998e-01
7.010000	9.999998e-01
7.060000	9.999997e-01
7.110000	9.999997e-01
7.160000	9.999997e-01
7.210000	9.999996e-01
7.260000	9.999996e-01
7.310000	9.999995e-01
7.360000	9.999995e-01
7.410000	9.999994e-01
7.460000	9.999994e-01
7.510000	9.999993e-01
7.560000	9.999992e-01
7.610000	9.999991e-01
7.660000	9.999991e-01
7.710000	9.999990e-01
7.760000	9.999989e-01
7.810000	9.999987e-01
7.860000	9.999986e-01
7.910000	9.999985e-01
7.960000	9.999984e-01
8.010000	9.999982e-01
8.060000	9.999980e-01
8.110000	9.999979e-01
8.160000	9.999977e-01
8.210000	9.999975e-01
8.260000	9.999973e-01
8.310000	9.999970e-01
8.360000	9.999968e-01
8.410000	9.999965e-01
8.460000	9.999962e-01
8.510000	9.999959e-01
8.560000	9.999956e-01
8.610000	9.999953e-01
8.660000	9.999949e-01
8.710000	9.999945e-01
8.760000	9.999941e-01
8.810000	9.999937e-01
8.860000	9.999932e-01
8.910000	9.999927e-01
8.960000	9.999922e-01
9.010000	9.999916e-01
9.060000	9.999910e-01
9.110000	9.999904e-01
9.160000	9.999897e-01
9.210000	9.999890e-01
9.260000	9.999883e-01
9.310000	9.999875e-01
9.360000	9.999866e-01
9.410000	9.999858e-01
9.460000	9.999849e-01
9.510000	9.999839e-01
9.560000	9.999829e-01
9.610000	9.999818e-01
9.660000	9.999807e-01
9.710000	9.999795e-01
9.760000	9.999782e-01
9.810000	9.999769e-01
9.860000	9.999756e-01
9.910000	9.999741e-01
9.960000	9.999726e-01
10.010000	9.999710e-01
10.060000	9.999694e-01
10.110000	9.999677e-01
10.160000	9.999659e-01
10.210000	9.999640e-01
10.260000	9.999620e-01
10.310000	9.999600e-01
10.360000	9.999578e-01
10.410000	9.999556e-01
10.460000	9.999532e-01
10.510000	9.999508e-01
10.560000	9.999483e-01
10.610000	9.999456e-01
10.660000	9.999429e-01
10.710000	9.999400e-01
10.760000	9.999371e-01
10.810000	9.999340e-01
10.860000	9.999308e-01
10.910000	9.999274e-01
10.960000	9.999239e-01
11.010000	9.999204e-01
11.060000	9.999166e-01
11.110000	9.999127e-01
11.160000	9.999087e-01
11.210000	9.999046e-01
11.260000	9.999003e-01
11.310000	9.998958e-01
11.360000	9.998912e-01
11.410000	9.998864e-01
11.460000	9.998814e-01
11.510000	9.998763e-01
11.560000	9.998710e-01
11.610000	9.998656e-01
11.660000	9.998599e-01
11.710000	9.998541e-01
11.760000	9.998480e-01
11.810000	9.998418e-01
11.860000	9.998354e-01
11.910000	9.998287e-01
11.960000	9.998211e-01
12.010000	9.998140e-01
12.060000	9.998067e-01
12.110000	9.997991e-01
12.160000	9.997913e-01
12.210000	9.997833e-01
12.260000	9.997751e-01
12.310000	9.997665e-01
12.360000	9.997578e-01
12.410000	9.997488e-01
12.460000	9.997395e-01
12.510000	9.997300e-01
12.560000	9.997201e-01
12.610000	9.997100e-01
12.660000	9.996997e-01
12.710000	9.996890e-01
12.760000	9.996781e-01
12.810000	9.996668e-01
12.860000	9.996553e-01
12.910000	9.996434e-01
12.960000	9.996312e-01
13.010000	9.996187e-01
13.060000	9.996059e-01
13.110000	9.995928e-01
13.160000	9.995793e-01
13.210000	9.995655e-01
13.260000	9.995513e-01
13.310000	9.995368e-01
13.360000	9.995219e-01
13.410000	9.995066e-01
13.460000	9.994910e-01
13.510000	9.994750e-01
13.560000	9.994586e-01
13.610000	9.994418e-01
13.660000	9.994246e-01
13.710000	9.994070e-01
13.760000	9.993891e-01
13.810000	9.993707e-01
13.860000	9.993518e-01
13.910000	9.993326e-01
13.960000	9.993129e-01
14.010000	9.992928e-01
14.060000	9.992722e-01
14.110000	9.992512e-01
14.160000	9.992297e-01
14.210000	9.992078e-01
14.260000	9.991853e-01
14.310000	9.991624e-01
14.360000	9.991391e-01
14.410000	9.991152e-01
14.460000	9.990908e-01
14.510000	9.990659e-01
14.560000	9.990406e-01
14.610000	9.990147e-01
14.660000	9.989882e-01
14.710000	9.989613e-01
14.760000	9.989338e-01
14.810000	9.989057e-01
14.860000	9.988771e-01
14.910000	9.988480e-01
14.960000	9.988182e-01
15.010000	9.987879e-01
15.060000	9.987571e-01
15.110000	9.987256e-01
15.160000	9.986935e-01
15.210000	9.986609e-01
15.260000	9.986276e-01
15.310000	9.985937e-01
15.360000	9.985592e-01
15.410000	9.985241e-01
15.460000	9.984883e-01
15.510000	9.984519e-01
15.560000	9.984148e-01
15.610000	9.983771e-01
15.660000	9.983387e-01
15.710000	9.982996e-01
15.760000	9.982599e-01
15.810000	9.982194e-01
15.860000	9.981783e-01
15.910000	9.981365e-01
15.960000	9.980939e-01
16.010000	9.980507e-01
16.060000	9.980067e-01
16.110000	9.979619e-01
16.160000	9.979165e-01
16.210000	9.978703e-01
16.260000	9.978233e-01
16.310000	9.977756e-01
16.360000	9.977271e-01
16.410000	9.976778e-01
16.460000	9.976277e-01
16.510000	9.975769e-01
16.560000	9.975252e-01
16.610000	9.974727e-01
16.660000	9.974195e-01
16.710000	9.973653e-01
16.760000	9.973104e-01
16.810000	9.972546e-01
16.860000	9.971980e-01
16.910000	9.971405e-01
16.960000	9.970821e-01
17.010000	9.970229e-01
17.060000	9.969628e-01
17.110000	9.969018e-01
17.160000	9.968399e-01
17.210000	9.967771e-01
17.260000	9.967134e-01
17.310000	9.966388e-01
17.360000	9.965728e-01
17.410000	9.965057e-01
17.460000	9.964377e-01
17.510000	9.963687e-01
17.560000	9.962988e-01
17.610000	9.962278e-01
17.660000	9.961558e-01
17.710000	9.960828e-01
17.760000	9.960088e-01
17.810000	9.959338e-01
17.860000	9.958577e-01
17.910000	9.957805e-01
17.960000	9.957023e-01
18.010000	9.956230e-01
18.060000	9.955426e-01
18.110000	9.954612e-01
18.160000	9.953786e-01
18.210000	9.952950e-01
18.260000	9.952102e-01
18.310000	9.951242e-01
18.360000	9.950372e-01
18.410000	9.949489e-01
18.460000	9.948596e-01
18.510000	9.947690e-01
18.560000	9.946773e-01
18.610000	9.945843e-01
18.660000	9.944902e-01
18.710000	9.943948e-01
18.760000	9.942983e-01
18.810000	9.942004e-01
18.860000	9.941014e-01
18.910000	9.940011e-01
18.960000	9.938995e-01
19.010000	9.937966e-01
19.060000	9.936925e-01
19.110000	9.935870e-01
19.160000	9.934802e-01
19.210000	9.933721e-01
19.260000	9.932627e-01
19.310000	9.931519e-01
19.360000	9.930398e-01
19.410000	9.929263e-01
19.460000	9.928114e-01
19.510000	9.926951e-01
19.560000	9.925774e-01
19.610000	9.924583e-01
19.660000	9.923378e-01
19.710000	9.922158e-01
19.760000	9.920924e-01
19.810000	9.919675e-01
19.860000	9.918411e-01
19.910000	9.917132e-01
19.960000	9.915839e-01
20.010000	9.914530e-01
20.060000	9.913205e-01
20.110000	9.911866e-01
20.160000	9.910511e-01
20.210000	9.909140e-01
20.260000	9.907753e-01
20.310000	9.906351e-01
20.360000	9.904932e-01
20.410000	9.903497e-01
20.460000	9.902046e-01
20.510000	9.900578e-01
20.560000	9.899094e-01
20.610000	9.897593e-01
20.660000	9.895822e-01
20.710000	9.894275e-01
20.760000	9.892710e-01
20.810000	9.891127e-01
20.860000	9.889526e-01
20.910000	9.887907e-01
20.960000	9.886269e-01
21.010000	9.884613e-01
21.060000	9.882938e-01
21.110000	9.881244e-01
21.160000	9.879531e-01
21.210000	9.877799e-01
21.260000	9.876047e-01
21.310000	9.874276e-01
21.360000	9.872485e-01
21.410000	9.870674e-01
21.460000	9.868842e-01
21.510000	9.866991e-01
21.560000	9.865118e-01
21.610000	9.863225e-01
21.660000	9.861311e-01
21.710000	9.859376e-01
21.760000	9.857419e-01
21.810000	9.855441e-01
21.860000	9.853441e-01
21.910000	9.851419e-01
21.960000	9.849375e-01
22.010000	9.847308e-01
22.060000	9.845219e-01
22.110000	9.843107e-01
22.160000	9.840971e-01
22.210000	9.838813e-01
22.260000	9.836630e-01
22.310000	9.834424e-01
22.360000	9.832194e-01
22.410000	9.829940e-01
22.460000	9.827661e-01
22.510000	9.825357e-01
22.560000	9.823029e-01
22.610000	9.820675e-01
22.660000	9.818296e-01
22.710000	9.815890e-01
22.760000	9.813459e-01
22.810000	9.811002e-01
22.860000	9.808518e-01
22.910000	9.805583e-01
22.960000	9.803023e-01
23.010000	9.800435e-01
23.060000	9.797819e-01
23.110000	9.795173e-01
23.160000	9.792498e-01
23.210000	9.789793e-01
23.260000	9.787058e-01
23.310000	9.784293e-01
23.360000	9.781497e-01
23.410000	9.778670e-01
23.460000	9.775811e-01
23.510000	9.772921e-01
23.560000	9.769998e-01
23.610000	9.767042e-01
23.660000	9.764054e-01
23.710000	9.761032e-01
23.760000	9.757976e-01
23.810000	9.754886e-01
23.860000	9.751761e-01
23.910000	9.748601e-01
23.960000	9.745406e-01
24.010000	9.742174e-01
24.060000	9.738906e-01
24.110000	9.735601e-01
24.160000	9.732259e-01
24.210000	9.728879e-01
24.260000	9.725460e-01
24.310000	9.722003e-01
24.360000	9.718506e-01
24.410000	9.714410e-01
24.460000	9.710802e-01
24.510000	9.707152e-01
24.560000	9.703458e-01
24.610000	9.699720e-01
24.660000	9.695939e-01
24.710000	9.692111e-01
24.760000	9.688239e-01
24.810000	9.684319e-01
24.860000	9.680353e-01
24.910000	9.676339e-01
24.960000	9.672276e-01
25.010000	9.668163e-01
25.060000	9.664001e-01
25.110000	9.659788e-01
25.160000	9.655522e-01
25.210000	9.651205e-01
25.260000	9.646834e-01
25.310000	9.642408e-01
25.360000	9.637928e-01
25.410000	9.633391e-01
25.460000	9.628798e-01
25.510000	9.623444e-01
25.560000	9.618690e-01
25.610000	9.613874e-01
25.660000	9.608994e-01
25.710000	9.604050e-01
25.760000	9.599039e-01
25.810000	9.593961e-01
25.860000	9.588815e-01
25.910000	9.583599e-01
25.960000	9.578312e-01
26.010000	9.572952e-01
26.060000	9.567517e-01
26.110000	9.562008e-01
26.160000	9.556421e-01
26.210000	9.550755e-01
26.260000	9.545010e-01
26.310000	9.538347e-01
26.360000	9.532378e-01
26.410000	9.526319e-01
26.460000	9.520169e-01
26.510000	9.513925e-01
26.560000	9.507585e-01
26.610000	9.501147e-01
26.660000	9.494609e-01
26.710000	9.487967e-01
26.760000	9.481220e-01
26.810000	9.474365e-01
26.860000	9.466505e-01
26.910000	9.459355e-01
26.960000	9.452083e-01
27.010000	9.444685e-01
27.060000	9.437158e-01
27.110000	9.429497e-01
27.160000	9.421700e-01
27.210000	9.413761e-01
27.260000	9.405677e-01
27.310000	9.396453e-01
27.360000	9.387976e-01
27.410000	9.379332e-01
27.460000	9.370516e-01
27.510000	9.361520e-01
27.560000	9.352338e-01
27.610000	9.342964e-01
27.660000	9.332304e-01
27.710000	9.322415e-01
27.760000	9.312300e-01
27.810000	9.301950e-01
27.860000	9.291354e-01
27.910000	9.279384e-01
27.960000	9.268139e-01
28.010000	9.256600e-01
28.060000	9.244752e-01
28.110000	9.232581e-01
28.160000	9.218777e-01
28.210000	9.205742e-01
28.260000	9.192307e-01
28.310000	9.177153e-01
28.360000	9.162661e-01
28.410000	9.147665e-01
28.460000	9.130724e-01
28.510000	9.114386e-01
28.560000	9.095980e-01
28.610000	9.078024e-01
28.660000	9.057748e-01
28.710000	9.036383e-01
28.760000	9.015071e-01
28.810000	8.990859e-01
28.860000	8.964836e-01
28.910000	8.935105e-01
28.960000	8.903945e-01
29.010000	8.867471e-01
29.060000	8.823864e-01
29.110000	8.767779e-01
29.160000	8.674768e-01
29.210000	4.282146e-05
29.260000	8.823180e-05
29.310000	6.415765e-05
29.360000	8.341776e-05
29.410000	4.269307e-05
29.460000	8.003273e-05
29.510000	3.915539e-05
29.560000	3.331081e-05
29.610000	4.214103e-05
29.660000	7.172367e-05
29.710000	5.166571e-05
29.760000	4.448356e-05
29.810000	4.423192e-05
29.860000	4.950948e-05
29.910000	6.117468e-05
29.960000	8.218199e-05
30.010000	3.952175e-05
30.060000	6.058784e-05
30.110000	3.256283e-05
30.160000	5.518230e-05
30.210000	3.229178e-05
30.260000	5.919500e-05
30.310000	3.703821e-05
30.360000	7.232344e-05
30.410000	4.775900e-05
30.460000	3.224805e-05
30.510000	6.779553e-05
30.560000	4.766000e-05
30.610000	3.407092e-05
30.660000	7.583710e-05
30.710000	5.593232e-05
30.760000	4.179084e-05
30.810000	3.160178e-05
30.860000	7.457356e-05
30.910000	5.771131e-05
30.960000	4.509201e-05
31.010000	3.554781e-05
31.060000	2.825895e-05
31.110000	7.043782e-05
31.160000	5.694325e-05
31.210000	4.635110e-05
31.260000	3.797299e-05
31.310000	3.129871e-05
31.360000	2.594615e-05
31.410000	6.792798e-05
31.460000	5.700039e-05
31.510000	4.806305e-05
31.560000	4.071303e-05
31.610000	3.463705e-05
31.660000	2.958980e-05
31.710000	2.537777e-05
31.760000	6.938690e-05
31.810000	6.004263e-05
31.860000	5.213417e-05
31.910000	4.541454e-05
31.960000	3.968355e-05
32.010000	3.477833e-05
32.060000	3.056572e-05
32.110000	2.693632e-05
32.160000	7.654016e-05
32.210000	6.790258e-05
32.260000	6.038471e-05
32.310000	5.382327e-05
32.360000	4.808119e-05
32.410000	4.304310e-05
32.460000	3.861165e-05
32.510000	3.470446e-05
32.560000	3.125160e-05
32.610000	2.819356e-05
32.660000	2.547950e-05
32.710000	7.544852e-05
32.760000	6.851837e-05
32.810000	6.232369e-05
32.860000	5.677625e-05
32.910000	5.179954e-05
32.960000	4.732704e-05
33.010000	4.330084e-05
33.060000	3.967042e-05
33.110000	3.639162e-05
33.160000	3.342579e-05
33.210000	3.073904e-05
33.260000	2.830159e-05
33.310000	2.608723e-05
33.360000	2.407283e-05
33.410000	2.223796e-05
33.460000	6.880888e-05
33.510000	6.379107e-05
33.560000	5.919785e-05
33.610000	5.498843e-05
33.660000	5.112639e-05
33.710000	4.757912e-05
33.760000	4.431745e-05
33.810000	4.131518e-05
33.860000	3.854883e-05
33.910000	3.599726e-05
33.960000	3.364146e-05
34.010000	3.146430e-05
34.060000	2.945034e-05
34.110000	2.758563e-05
34.160000	2.585757e-05
34.210000	2.425475e-05
34.260000	2.276684e-05
34.310000	2.138448e-05
34.360000	6.906069e-05
34.410000	6.504561e-05
34.460000	6.130199e-05
34.510000	5.780892e-05
34.560000	5.454729e-05
34.610000	5.149962e-05
34.660000	4.864992e-05
34.710000	4.598353e-05
34.760000	4.348702e-05
34.810000	4.114803e-05
34.860000	3.895523e-05
34.910000	3.689820e-05
34.960000	3.496733e-05
35.010000	3.315378e-05
35.060000	3.144942e-05
35.110000	2.984673e-05
35.160000	2.833877e-05
35.210000	2.691914e-05
35.260000	2.558193e-05
35.310000	2.432167e-05
35.360000	2.313330e-05
35.410000	2.201213e-05
35.460000	2.095382e-05
35.510000	1.995434e-05
35.560000	6.759950e-05
35.610000	6.451554e-05
35.660000	6.159533e-05
35.710000	5.882890e-05
35.760000	5.620698e-05
35.810000	5.372094e-05
35.860000	5.136273e-05
35.910000	4.912483e-05
35.960000	4.700023e-05
36.010000	4.498239e-05
36.060000	4.306517e-05
36.110000	4.124285e-05
36.160000	3.951007e-05
36.210000	3.786181e-05
36.260000	3.629337e-05
36.310000	3.480034e-05
36.360000	3.337857e-05
36.410000	3.202419e-05
36.460000	3.073355e-05
36.510000	2.950323e-05
36.560000	2.833001e-05
36.610000	2.721086e-05
36.660000	2.614293e-05
36.710000	2.512356e-05
36.760000	2.415021e-05
36.810000	2.322051e-05
36.860000	2.233223e-05
36.910000	2.148325e-05
36.960000	2.067158e-05
37.010000	1.989536e-05
37.060000	1.915282e-05
37.110000	1.844228e-05
37.160000	1.776216e-05
37.210000	1.711099e-05
37.260000	6.143189e-05
37.310000	5.928529e-05
37.360000	5.722592e-05
37.410000	5.524970e-05
37.460000	5.335278e-05
37.510000	5.153150e-05
37.560000	4.978241e-05
37.610000	4.810221e-05
37.660000	4.648781e-05
37.710000	4.493625e-05
37.760000	4.344472e-05
37.810000	4.201057e-05
37.860000	4.063126e-05
37.910000	3.930442e-05
37.960000	3.802774e-05
38.010000	3.679907e-05
38.060000	3.561634e-05
38.110000	3.447759e-05
38.160000	3.338096e-05
38.210000	3.232466e-05
38.260000	3.130701e-05
38.310000	3.032640e-05
38.360000	2.938129e-05
38.410000	2.847021e-05
38.460000	2.759176e-05
38.510000	2.674463e-05
38.560000	2.592753e-05
38.610000	2.513926e-05
38.660000	2.437865e-05
38.710000	2.364461e-05
38.760000	2.293607e-05
38.810000	2.225203e-05
38.860000	2.159152e-05
38.910000	2.095362e-05
38.960000	2.033746e-05
39.010000	1.974218e-05
39.060000	1.916698e-05
39.110000	1.861110e-05
39.160000	1.807379e-05
39.210000	1.755434e-05
39.260000	1.705209e-05
39.310000	1.656638e-05
39.360000	1.609659e-05
39.410000	1.564213e-05
39.460000	1.520243e-05
39.510000	5.838374e-05
39.560000	5.682856e-05
39.610000	5.532149e-05
39.660000	5.386085e-05
39.710000	5.244497e-05
39.760000	5.107229e-05
39.810000	4.974129e-05
39.860000	4.845053e-05
39.910000	4.719860e-05
39.960000	4.598416e-05
40.010000	4.480593e-05
40.060000	4.366267e-05
40.110000	4.255318e-05
40.160000	4.147632e-05
40.210000	4.043100e-05
40.260000	3.941615e-05
40.310000	3.843075e-05
40.360000	3.747382e-05
40.410000	3.654443e-05
40.460000	3.564166e-05
40.510000	3.476464e-05
40.560000	3.391253e-05
40.610000	3.308452e-05
40.660000	3.227983e-05
40.710000	3.149772e-05
40.760000	3.073744e-05
40.810000	2.999832e-05
40.860000	2.927967e-05
40.910000	2.858084e-05
40.960000	2.790123e-05
41.010000	2.724021e-05
41.060000	2.659721e-05
41.110000	2.597168e-05
41.160000	2.536306e-05
41.210000	2.477085e-05
41.260000	2.419452e-05
41.310000	2.363361e-05
41.360000	2.308764e-05
41.410000	2.255616e-05
41.460000	2.203872e-05
41.510000	2.153492e-05
41.560000	2.104433e-05
41.610000	2.056658e-05
41.660000	2.010126e-05
41.710000	1.964803e-05
41.760000	1.920651e-05
41.810000	1.877638e-05
41.860000	1.835728e-05
41.910000	1.794892e-05
41.960000	1.755096e-05
42.010000	1.716311e-05
42.060000	1.678509e-05
42.110000	1.641660e-05
42.160000	1.605738e-05
42.210000	1.570716e-05
42.260000	1.536569e-05
42.310000	1.503272e-05
42.360000	1.470801e-05
42.410000	1.439132e-05
42.460000	1.408244e-05
42.510000	1.378114e-05
42.560000	1.348722e-05
42.610000	1.320048e-05
42.660000	1.292070e-05
42.710000	1.264771e-05
42.760000	1.238131e-05
42.810000	5.189141e-05
42.860000	5.086447e-05
42.910000	4.986105e-05
42.960000	4.888053e-05
43.010000	4.792232e-05
43.060000	4.698583e-05
43.110000	4.607050e-05
43.160000	4.517580e-05
43.210000	4.430118e-05
43.260000	4.344613e-05
43.310000	4.261016e-05
43.360000	4.179278e-05
43.410000	4.099352e-05
43.460000	4.021191e-05
43.510000	3.944752e-05
43.560000	3.869991e-05
43.610000	3.796866e-05
43.660000	3.725336e-05
43.710000	3.655362e-05
43.760000	3.586905e-05
43.810000	3.519927e-05
43.860000	3.454393e-05
43.910000	3.390266e-05
43.960000	3.327512e-05
44.010000	3.266097e-05
44.060000	3.205989e-05
44.110000	3.147157e-05
44.160000	3.089568e-05
44.210000	3.033194e-05
44.260000	2.978005e-05
44.310000	2.923973e-05
44.360000	2.871070e-05
44.410000	2.819268e-05
44.460000	2.768543e-05
44.510000	2.718868e-05
44.560000	2.670219e-05
44.610000	2.622571e-05
44.660000	2.575901e-05
44.710000	2.530186e-05
44.760000	2.485403e-05
44.810000	2.441532e-05
44.860000	2.398551e-05
44.910000	2.356439e-05
44.960000	2.315176e-05
45.010000	2.274744e-05
45.060000	2.235122e-05
45.110000	2.196292e-05
45.160000	2.158236e-05
45.210000	2.120937e-05
45.260000	2.084377e-05
45.310000	2.048541e-05
45.360000	2.013410e-05
45.410000	1.978971e-05
45.460000	1.945206e-05
45.510000	1.912102e-05
45.560000	1.879643e-05
45.610000	1.847815e-05
45.660000	1.816604e-05
45.710000	1.785997e-05
45.760000	1.755980e-05
45.810000	1.726540e-05
45.860000	1.697665e-05
45.910000	1.669342e-05
45.960000	1.641560e-05
46.010000	1.614306e-05
46.060000	1.587570e-05
46.110000	1.561340e-05
46.160000	1.535605e-05
46.210000	1.510354e-05
46.260000	1.485578e-05
46.310000	1.461265e-05
46.360000	1.437407e-05
46.410000	1.413994e-05
46.460000	1.391016e-05
46.510000	1.368464e-05
46.560000	1.346329e-05
46.610000	1.324602e-05
46.660000	1.303275e-05
46.710000	1.282340e-05
46.760000	1.261788e-05
46.810000	1.241611e-05
46.860000	1.221802e-05
46.910000	1.202354e-05
46.960000	1.183257e-05
47.010000	1.164507e-05
47.060000	1.146094e-05
47.110000	1.128013e-05
47.160000	1.110257e-05
47.210000	1.092818e-05
47.260000	1.075692e-05
47.310000	1.058871e-05
47.360000	1.042349e-05
47.410000	1.026120e-05
47.460000	1.010179e-05
47.510000	9.945190e-06
47.560000	9.791353e-06
47.610000	4.589711e-05
47.660000	4.523765e-05
47.710000	4.458910e-05
47.760000	4.395127e-05
47.810000	4.332394e-05
47.860000	4.270692e-05
47.910000	4.210002e-05
47.960000	4.150304e-05
48.010000	4.091581e-05
48.060000	4.033814e-05
48.110000	3.976986e-05
48.160000	3.921079e-05
48.210000	3.866076e-05
48.260000	3.811960e-05
48.310000	3.758716e-05
48.360000	3.706327e-05
48.410000	3.654778e-05
48.460000	3.604053e-05
48.510000	3.554137e-05
48.560000	3.505016e-05
48.610000	3.456676e-05
48.660000	3.409102e-05
48.710000	3.362280e-05
48.760000	3.316197e-05
48.810000	3.270840e-05
48.860000	3.226195e-05
48.910000	3.182251e-05
48.960000	3.138994e-05
49.010000	3.096413e-05
49.060000	3.054495e-05
49.110000	3.013228e-05
49.160000	2.972602e-05
49.210000	2.932605e-05
49.260000	2.893226e-05
49.310000	2.854454e-05
49.360000	2.816278e-05
49.410000	2.778688e-05
49.460000	2.741674e-05
49.510000	2.705226e-05
49.560000	2.669335e-05
49.610000	2.633989e-05
49.660000	2.599181e-05
49.710000	2.564900e-05
49.760000	2.531139e-05
49.810000	2.497887e-05
49.860000	2.465136e-05
49.910000	2.432877e-05
49.960000	2.401103e-05
50.010000	2.369805e-05
