0.010 0.000e+00
0.060 2.530e-298
0.110 1.451e-162
0.160 1.016e-111
0.210 4.050e-85
0.260 9.054e-69
0.310 1.044e-57
0.360 9.955e-50
0.410 1.056e-43
0.460 5.419e-39
0.510 3.279e-35
0.560 4.155e-32
0.610 1.620e-29
0.660 2.542e-27
0.710 1.946e-25
0.760 8.382e-24
0.810 2.259e-22
0.860 4.137e-21
0.910 5.487e-20
0.960 5.543e-19
1.010 4.442e-18
1.060 2.918e-17
1.110 1.615e-16
1.160 7.695e-16
1.210 3.217e-15
1.260 1.199e-14
1.310 4.034e-14
1.360 1.240e-13
1.410 3.514e-13
1.460 9.264e-13
1.510 2.288e-12
1.560 5.325e-12
1.610 1.175e-11
1.660 2.470e-11
1.710 4.967e-11
1.760 9.591e-11
1.810 1.784e-10
1.860 3.209e-10
1.910 5.591e-10
1.960 9.464e-10
2.010 1.560e-09
2.060 2.507e-09
2.110 3.938e-09
2.160 6.055e-09
2.210 9.125e-09
2.260 1.350e-08
2.310 1.962e-08
2.360 2.806e-08
2.410 3.952e-08
2.460 5.487e-08
2.510 7.516e-08
2.560 1.017e-07
2.610 1.359e-07
2.660 1.795e-07
2.710 2.348e-07
2.760 3.039e-07
2.810 3.896e-07
2.860 4.951e-07
2.910 6.238e-07
2.960 7.796e-07
3.010 9.669e-07
3.060 1.190e-06
3.110 1.455e-06
3.160 1.768e-06
3.210 2.134e-06
3.260 2.560e-06
3.310 3.054e-06
3.360 3.623e-06
3.410 4.275e-06
3.460 5.021e-06
3.510 5.868e-06
3.560 6.827e-06
3.610 7.907e-06
3.660 9.121e-06
3.710 1.048e-05
3.760 1.199e-05
3.810 1.367e-05
3.860 1.553e-05
3.910 1.759e-05
3.960 1.985e-05
4.010 2.233e-05
4.060 2.504e-05
4.110 2.801e-05
4.160 3.123e-05
4.210 3.473e-05
4.260 3.853e-05
4.310 4.263e-05
4.360 4.705e-05
4.410 5.181e-05
4.460 5.692e-05
4.510 6.240e-05
4.560 6.827e-05
4.610 7.453e-05
4.660 8.121e-05
4.710 8.832e-05
4.760 9.587e-05
4.810 1.039e-04
4.860 1.124e-04
4.910 1.214e-04
4.960 1.308e-04
5.010 1.408e-04
5.060 1.514e-04
5.110 1.625e-04
5.160 1.741e-04
5.210 1.864e-04
5.260 1.992e-04
5.310 2.127e-04
5.360 2.267e-04
5.410 2.414e-04
5.460 2.568e-04
5.510 2.728e-04
5.560 2.894e-04
5.610 3.068e-04
5.660 3.249e-04
5.710 3.436e-04
5.760 3.631e-04
5.810 3.834e-04
5.860 4.043e-04
5.910 4.261e-04
5.960 4.486e-04
6.010 4.718e-04
6.060 4.959e-04
6.110 5.208e-04
6.160 5.465e-04
6.210 5.730e-04
6.260 6.003e-04
6.310 6.285e-04
6.360 6.575e-04
6.410 6.874e-04
6.460 7.181e-04
6.510 7.497e-04
6.560 7.823e-04
6.610 8.157e-04
6.660 8.500e-04
6.710 8.852e-04
6.760 9.213e-04
6.810 9.584e-04
6.860 9.964e-04
6.910 1.035e-03
6.960 1.075e-03
7.010 1.116e-03
7.060 1.158e-03
7.110 1.201e-03
7.160 1.245e-03
7.210 1.289e-03
7.260 1.335e-03
7.310 1.382e-03
7.360 1.430e-03
7.410 1.478e-03
7.460 1.528e-03
7.510 1.579e-03
7.560 1.631e-03
7.610 1.684e-03
7.660 1.738e-03
7.710 1.793e-03
7.760 1.849e-03
7.810 1.907e-03
7.860 1.965e-03
7.910 2.024e-03
7.960 2.085e-03
8.010 2.146e-03
8.060 2.209e-03
8.110 2.273e-03
8.160 2.338e-03
8.210 2.404e-03
8.260 2.471e-03
8.310 2.540e-03
8.360 2.609e-03
8.410 2.680e-03
8.460 2.752e-03
8.510 2.825e-03
8.560 2.899e-03
8.610 2.975e-03
8.660 3.052e-03
8.710 3.130e-03
8.760 3.209e-03
8.810 3.289e-03
8.860 3.371e-03
8.910 3.454e-03
8.960 3.538e-03
9.010 3.623e-03
9.060 3.710e-03
9.110 3.798e-03
9.160 3.887e-03
9.210 3.978e-03
9.260 4.070e-03
9.310 4.163e-03
9.360 4.258e-03
9.410 4.354e-03
9.460 4.451e-03
9.510 4.550e-03
9.560 4.650e-03
9.610 4.752e-03
9.660 4.855e-03
9.710 4.959e-03
9.760 5.065e-03
9.810 5.172e-03
9.860 5.281e-03
9.910 5.391e-03
9.960 5.503e-03
10.010 5.616e-03
10.060 5.731e-03
10.110 5.847e-03
10.160 5.965e-03
10.210 6.084e-03
10.260 6.205e-03
10.310 6.328e-03
10.360 6.452e-03
10.410 6.578e-03
10.460 6.705e-03
10.510 6.835e-03
10.560 6.965e-03
10.610 7.098e-03
10.660 7.232e-03
10.710 7.368e-03
10.760 7.506e-03
10.810 7.645e-03
10.860 7.786e-03
10.910 7.929e-03
10.960 8.074e-03
11.010 8.221e-03
11.060 8.369e-03
11.110 8.520e-03
11.160 8.672e-03
11.210 8.826e-03
11.260 8.983e-03
11.310 9.141e-03
11.360 9.301e-03
11.410 9.463e-03
11.460 9.628e-03
11.510 9.794e-03
11.560 9.963e-03
11.610 1.013e-02
11.660 1.031e-02
11.710 1.048e-02
11.760 1.066e-02
11.810 1.084e-02
11.860 1.102e-02
11.910 1.120e-02
11.960 1.139e-02
12.010 1.158e-02
12.060 1.177e-02
12.110 1.196e-02
12.160 1.216e-02
12.210 1.236e-02
12.260 1.256e-02
12.310 1.276e-02
12.360 1.297e-02
12.410 1.318e-02
12.460 1.339e-02
12.510 1.360e-02
12.560 1.382e-02
12.610 1.404e-02
12.660 1.426e-02
12.710 1.448e-02
12.760 1.471e-02
12.810 1.494e-02
12.860 1.518e-02
12.910 1.541e-02
12.960 1.565e-02
13.010 1.590e-02
13.060 1.614e-02
13.110 1.639e-02
13.160 1.665e-02
13.210 1.690e-02
13.260 1.716e-02
13.310 1.743e-02
13.360 1.769e-02
13.410 1.796e-02
13.460 1.824e-02
13.510 1.851e-02
13.560 1.879e-02
13.610 1.908e-02
13.660 1.937e-02
13.710 1.966e-02
13.760 1.996e-02
13.810 2.026e-02
13.860 2.056e-02
13.910 2.087e-02
13.960 2.118e-02
14.010 2.150e-02
14.060 2.182e-02
14.110 2.215e-02
14.160 2.248e-02
14.210 2.281e-02
14.260 2.315e-02
14.310 2.350e-02
14.360 2.385e-02
14.410 2.420e-02
14.460 2.456e-02
14.510 2.492e-02
14.560 2.529e-02
14.610 2.567e-02
14.660 2.605e-02
14.710 2.643e-02
14.760 2.683e-02
14.810 2.722e-02
14.860 2.763e-02
14.910 2.803e-02
14.960 2.845e-02
15.010 2.887e-02
15.060 2.930e-02
15.110 2.973e-02
15.160 3.017e-02
15.210 3.062e-02
15.260 3.107e-02
15.310 3.153e-02
15.360 3.200e-02
15.410 3.248e-02
15.460 3.296e-02
15.510 3.345e-02
15.560 3.394e-02
15.610 3.445e-02
15.660 3.496e-02
15.710 3.548e-02
15.760 3.601e-02
15.810 3.655e-02
15.860 3.709e-02
15.910 3.765e-02
15.960 3.821e-02
16.010 3.878e-02
16.060 3.937e-02
16.110 3.996e-02
16.160 4.056e-02
16.210 4.117e-02
16.260 4.179e-02
16.310 4.242e-02
16.360 4.306e-02
16.410 4.372e-02
16.460 4.438e-02
16.510 4.505e-02
16.560 4.574e-02
16.610 4.644e-02
16.660 4.715e-02
16.710 4.787e-02
16.760 4.860e-02
16.810 4.935e-02
16.860 5.011e-02
16.910 5.088e-02
16.960 5.167e-02
17.010 5.247e-02
17.060 5.328e-02
17.110 5.411e-02
17.160 5.496e-02
17.210 5.581e-02
17.260 5.669e-02
17.310 5.758e-02
17.360 5.848e-02
17.410 5.940e-02
17.460 6.034e-02
17.510 6.129e-02
17.560 6.226e-02
17.610 6.325e-02
17.660 6.426e-02
17.710 6.528e-02
17.760 6.633e-02
17.810 6.739e-02
17.860 6.847e-02
17.910 6.957e-02
17.960 7.070e-02
18.010 7.184e-02
18.060 7.300e-02
18.110 7.418e-02
18.160 7.539e-02
18.210 7.661e-02
18.260 7.786e-02
18.310 7.913e-02
18.360 8.043e-02
18.410 8.174e-02
18.460 8.308e-02
18.510 8.445e-02
18.560 8.583e-02
18.610 8.724e-02
18.660 8.868e-02
18.710 9.014e-02
18.760 9.162e-02
18.810 9.313e-02
18.860 9.466e-02
18.910 9.622e-02
18.960 9.780e-02
19.010 9.941e-02
19.060 1.010e-01
19.110 1.027e-01
19.160 1.044e-01
19.210 1.061e-01
19.260 1.078e-01
19.310 1.096e-01
19.360 1.113e-01
19.410 1.131e-01
19.460 1.149e-01
19.510 1.168e-01
19.560 1.186e-01
19.610 1.205e-01
19.660 1.224e-01
19.710 1.243e-01
19.760 1.262e-01
19.810 1.281e-01
19.860 1.301e-01
19.910 1.320e-01
19.960 1.340e-01
20.010 1.360e-01
20.060 1.379e-01
20.110 1.399e-01
20.160 1.419e-01
20.210 1.438e-01
20.260 1.458e-01
20.310 1.477e-01
20.360 1.496e-01
20.410 1.515e-01
20.460 1.534e-01
20.510 1.553e-01
20.560 1.571e-01
20.610 1.589e-01
20.660 1.607e-01
20.710 1.624e-01
20.760 1.641e-01
20.810 1.657e-01
20.860 1.673e-01
20.910 1.688e-01
20.960 1.703e-01
21.010 1.717e-01
21.060 1.730e-01
21.110 1.743e-01
21.160 1.755e-01
21.210 1.766e-01
21.260 1.776e-01
21.310 1.786e-01
21.360 1.795e-01
21.410 1.803e-01
21.460 1.810e-01
21.510 1.817e-01
21.560 1.822e-01
21.610 1.827e-01
21.660 1.831e-01
21.710 1.834e-01
21.760 1.836e-01
21.810 1.837e-01
21.860 1.838e-01
21.910 1.838e-01
21.960 1.837e-01
22.010 1.835e-01
22.060 1.833e-01
22.110 1.830e-01
22.160 1.826e-01
22.210 1.821e-01
22.260 1.816e-01
22.310 1.811e-01
22.360 1.804e-01
22.410 1.797e-01
22.460 1.790e-01
22.510 1.782e-01
22.560 1.774e-01
22.610 1.765e-01
22.660 1.756e-01
22.710 1.747e-01
22.760 1.737e-01
22.810 1.727e-01
22.860 1.717e-01
22.910 1.706e-01
22.960 1.696e-01
23.010 1.685e-01
23.060 1.673e-01
23.110 1.662e-01
23.160 1.651e-01
23.210 1.639e-01
23.260 1.627e-01
23.310 1.615e-01
23.360 1.604e-01
23.410 1.592e-01
23.460 1.580e-01
23.510 1.568e-01
23.560 1.556e-01
23.610 1.544e-01
23.660 1.532e-01
23.710 1.520e-01
23.760 1.508e-01
23.810 1.496e-01
23.860 1.484e-01
23.910 1.472e-01
23.960 1.460e-01
24.010 1.448e-01
24.060 1.437e-01
24.110 1.425e-01
24.160 1.414e-01
24.210 1.402e-01
24.260 1.391e-01
24.310 1.380e-01
24.360 1.369e-01
24.410 1.358e-01
24.460 1.347e-01
24.510 1.336e-01
24.560 1.325e-01
24.610 1.315e-01
24.660 1.304e-01
24.710 1.294e-01
24.760 1.283e-01
24.810 1.273e-01
24.860 1.263e-01
24.910 1.253e-01
24.960 1.243e-01
25.010 1.234e-01
25.060 1.224e-01
25.110 1.214e-01
25.160 1.205e-01
25.210 1.196e-01
25.260 1.187e-01
25.310 1.177e-01
25.360 1.168e-01
25.410 1.160e-01
25.460 1.151e-01
25.510 1.142e-01
25.560 1.134e-01
25.610 1.125e-01
25.660 1.117e-01
25.710 1.108e-01
25.760 1.100e-01
25.810 1.092e-01
25.860 1.084e-01
25.910 1.076e-01
25.960 1.069e-01
26.010 1.061e-01
26.060 1.053e-01
26.110 1.046e-01
26.160 1.038e-01
26.210 1.031e-01
26.260 1.024e-01
26.310 1.017e-01
26.360 1.010e-01
26.410 1.003e-01
26.460 9.959e-02
26.510 9.891e-02
26.560 9.824e-02
26.610 9.758e-02
26.660 9.692e-02
26.710 9.627e-02
26.760 9.563e-02
26.810 9.500e-02
26.860 9.437e-02
26.910 9.375e-02
26.960 9.314e-02
27.010 9.254e-02
27.060 9.194e-02
27.110 9.135e-02
27.160 9.077e-02
27.210 9.020e-02
27.260 8.963e-02
27.310 8.906e-02
27.360 8.851e-02
27.410 8.796e-02
27.460 8.741e-02
27.510 8.687e-02
27.560 8.634e-02
27.610 8.582e-02
27.660 8.530e-02
27.710 8.478e-02
27.760 8.428e-02
27.810 8.377e-02
27.860 8.328e-02
27.910 8.278e-02
27.960 8.230e-02
28.010 8.182e-02
28.060 8.134e-02
28.110 8.087e-02
28.160 8.041e-02
28.210 7.995e-02
28.260 7.949e-02
28.310 7.904e-02
28.360 7.859e-02
28.410 7.815e-02
28.460 7.772e-02
28.510 7.729e-02
28.560 7.686e-02
28.610 7.644e-02
28.660 7.602e-02
28.710 7.560e-02
28.760 7.519e-02
28.810 7.479e-02
28.860 7.439e-02
28.910 7.399e-02
28.960 7.360e-02
29.010 7.321e-02
29.060 7.282e-02
29.110 7.244e-02
29.160 7.206e-02
29.210 7.169e-02
29.260 7.132e-02
29.310 7.095e-02
29.360 7.059e-02
29.410 7.023e-02
29.460 6.987e-02
29.510 6.952e-02
29.560 6.917e-02
29.610 6.883e-02
29.660 6.848e-02
29.710 6.814e-02
29.760 6.781e-02
29.810 6.748e-02
29.860 6.715e-02
29.910 6.682e-02
29.960 6.650e-02
30.010 6.618e-02
30.060 6.586e-02
30.110 6.554e-02
30.160 6.523e-02
30.210 6.492e-02
30.260 6.462e-02
30.310 6.431e-02
30.360 6.401e-02
30.410 6.372e-02
30.460 6.342e-02
30.510 6.313e-02
30.560 6.284e-02
30.610 6.255e-02
30.660 6.227e-02
30.710 6.199e-02
30.760 6.171e-02
30.810 6.143e-02
30.860 6.115e-02
30.910 6.088e-02
30.960 6.061e-02
31.010 6.034e-02
31.060 6.008e-02
31.110 5.981e-02
31.160 5.955e-02
31.210 5.929e-02
31.260 5.904e-02
31.310 5.878e-02
31.360 5.853e-02
31.410 5.828e-02
31.460 5.803e-02
31.510 5.779e-02
31.560 5.754e-02
31.610 5.730e-02
31.660 5.706e-02
31.710 5.682e-02
31.760 5.659e-02
31.810 5.635e-02
31.860 5.612e-02
31.910 5.589e-02
31.960 5.566e-02
32.010 5.544e-02
32.060 5.521e-02
32.110 5.499e-02
32.160 5.477e-02
32.210 5.455e-02
32.260 5.433e-02
32.310 5.411e-02
32.360 5.390e-02
32.410 5.369e-02
32.460 5.347e-02
32.510 5.326e-02
32.560 5.306e-02
32.610 5.285e-02
32.660 5.265e-02
32.710 5.244e-02
32.760 5.224e-02
32.810 5.204e-02
32.860 5.184e-02
32.910 5.164e-02
32.960 5.145e-02
33.010 5.125e-02
33.060 5.106e-02
33.110 5.087e-02
33.160 5.068e-02
33.210 5.049e-02
33.260 5.030e-02
33.310 5.012e-02
33.360 4.993e-02
33.410 4.975e-02
33.460 4.957e-02
33.510 4.939e-02
33.560 4.921e-02
33.610 4.903e-02
33.660 4.885e-02
33.710 4.868e-02
33.760 4.850e-02
33.810 4.833e-02
33.860 4.816e-02
33.910 4.799e-02
33.960 4.782e-02
34.010 4.765e-02
34.060 4.748e-02
34.110 4.732e-02
34.160 4.715e-02
34.210 4.699e-02
34.260 4.683e-02
34.310 4.667e-02
34.360 4.651e-02
34.410 4.635e-02
34.460 4.619e-02
34.510 4.603e-02
34.560 4.588e-02
34.610 4.572e-02
34.660 4.557e-02
34.710 4.541e-02
34.760 4.526e-02
34.810 4.511e-02
34.860 4.496e-02
34.910 4.481e-02
34.960 4.466e-02
35.010 4.452e-02
35.060 4.437e-02
35.110 4.423e-02
35.160 4.408e-02
35.210 4.394e-02
35.260 4.380e-02
35.310 4.365e-02
35.360 4.351e-02
35.410 4.337e-02
35.460 4.324e-02
35.510 4.310e-02
35.560 4.296e-02
35.610 4.282e-02
35.660 4.269e-02
35.710 4.256e-02
35.760 4.242e-02
35.810 4.229e-02
35.860 4.216e-02
35.910 4.203e-02
35.960 4.190e-02
36.010 4.177e-02
36.060 4.164e-02
36.110 4.151e-02
36.160 4.138e-02
36.210 4.126e-02
36.260 4.113e-02
36.310 4.101e-02
36.360 4.088e-02
36.410 4.076e-02
36.460 4.063e-02
36.510 4.051e-02
36.560 4.039e-02
36.610 4.027e-02
36.660 4.015e-02
36.710 4.003e-02
36.760 3.991e-02
36.810 3.980e-02
36.860 3.968e-02
36.910 3.956e-02
36.960 3.945e-02
37.010 3.933e-02
37.060 3.922e-02
37.110 3.910e-02
37.160 3.899e-02
37.210 3.888e-02
37.260 3.877e-02
37.310 3.866e-02
37.360 3.855e-02
37.410 3.844e-02
37.460 3.833e-02
37.510 3.822e-02
37.560 3.811e-02
37.610 3.800e-02
37.660 3.790e-02
37.710 3.779e-02
37.760 3.768e-02
37.810 3.758e-02
37.860 3.748e-02
37.910 3.737e-02
37.960 3.727e-02
38.010 3.717e-02
38.060 3.706e-02
38.110 3.696e-02
38.160 3.686e-02
38.210 3.676e-02
38.260 3.666e-02
38.310 3.656e-02
38.360 3.646e-02
38.410 3.636e-02
38.460 3.627e-02
38.510 3.617e-02
38.560 3.607e-02
38.610 3.598e-02
38.660 3.588e-02
38.710 3.578e-02
38.760 3.569e-02
38.810 3.560e-02
38.860 3.550e-02
38.910 3.541e-02
38.960 3.532e-02
39.010 3.522e-02
39.060 3.513e-02
39.110 3.504e-02
39.160 3.495e-02
39.210 3.486e-02
39.260 3.477e-02
39.310 3.468e-02
39.360 3.459e-02
39.410 3.450e-02
39.460 3.441e-02
39.510 3.433e-02
39.560 3.424e-02
39.610 3.415e-02
39.660 3.407e-02
39.710 3.398e-02
39.760 3.389e-02
39.810 3.381e-02
39.860 3.372e-02
39.910 3.364e-02
39.960 3.356e-02
40.010 3.347e-02
40.060 3.339e-02
40.110 3.331e-02
40.160 3.323e-02
40.210 3.314e-02
40.260 3.306e-02
40.310 3.298e-02
40.360 3.290e-02
40.410 3.282e-02
40.460 3.274e-02
40.510 3.266e-02
40.560 3.258e-02
40.610 3.250e-02
40.660 3.243e-02
40.710 3.235e-02
40.760 3.227e-02
40.810 3.219e-02
40.860 3.212e-02
40.910 3.204e-02
40.960 3.196e-02
41.010 3.189e-02
41.060 3.181e-02
41.110 3.174e-02
41.160 3.166e-02
41.210 3.159e-02
41.260 3.152e-02
41.310 3.144e-02
41.360 3.137e-02
41.410 3.130e-02
41.460 3.122e-02
41.510 3.115e-02
41.560 3.108e-02
41.610 3.101e-02
41.660 3.094e-02
41.710 3.087e-02
41.760 3.079e-02
41.810 3.072e-02
41.860 3.065e-02
41.910 3.058e-02
41.960 3.052e-02
42.010 3.045e-02
42.060 3.038e-02
42.110 3.031e-02
42.160 3.024e-02
42.210 3.017e-02
42.260 3.011e-02
42.310 3.004e-02
42.360 2.997e-02
42.410 2.991e-02
42.460 2.984e-02
42.510 2.977e-02
42.560 2.971e-02
42.610 2.964e-02
42.660 2.958e-02
42.710 2.951e-02
42.760 2.945e-02
42.810 2.938e-02
42.860 2.932e-02
42.910 2.926e-02
42.960 2.919e-02
43.010 2.913e-02
43.060 2.907e-02
43.110 2.900e-02
43.160 2.894e-02
43.210 2.888e-02
43.260 2.882e-02
43.310 2.876e-02
43.360 2.869e-02
43.410 2.863e-02
43.460 2.857e-02
43.510 2.851e-02
43.560 2.845e-02
43.610 2.839e-02
43.660 2.833e-02
43.710 2.827e-02
43.760 2.821e-02
43.810 2.815e-02
43.860 2.809e-02
43.910 2.804e-02
43.960 2.798e-02
44.010 2.792e-02
44.060 2.786e-02
44.110 2.780e-02
44.160 2.775e-02
44.210 2.769e-02
44.260 2.763e-02
44.310 2.758e-02
44.360 2.752e-02
44.410 2.746e-02
44.460 2.741e-02
44.510 2.735e-02
44.560 2.730e-02
44.610 2.724e-02
44.660 2.719e-02
44.710 2.713e-02
44.760 2.708e-02
44.810 2.702e-02
44.860 2.697e-02
44.910 2.691e-02
44.960 2.686e-02
45.010 2.681e-02
45.060 2.675e-02
45.110 2.670e-02
45.160 2.665e-02
45.210 2.659e-02
45.260 2.654e-02
45.310 2.649e-02
45.360 2.644e-02
45.410 2.639e-02
45.460 2.633e-02
45.510 2.628e-02
45.560 2.623e-02
45.610 2.618e-02
45.660 2.613e-02
45.710 2.608e-02
45.760 2.603e-02
45.810 2.598e-02
45.860 2.593e-02
45.910 2.588e-02
45.960 2.583e-02
46.010 2.578e-02
46.060 2.573e-02
46.110 2.568e-02
46.160 2.563e-02
46.210 2.558e-02
46.260 2.553e-02
46.310 2.549e-02
46.360 2.544e-02
46.410 2.539e-02
46.460 2.534e-02
46.510 2.529e-02
46.560 2.525e-02
46.610 2.520e-02
46.660 2.515e-02
46.710 2.511e-02
46.760 2.506e-02
46.810 2.501e-02
46.860 2.497e-02
46.910 2.492e-02
46.960 2.487e-02
47.010 2.483e-02
47.060 2.478e-02
47.110 2.474e-02
47.160 2.469e-02
47.210 2.465e-02
47.260 2.460e-02
47.310 2.456e-02
47.360 2.451e-02
47.410 2.447e-02
47.460 2.442e-02
47.510 2.438e-02
47.560 2.433e-02
47.610 2.429e-02
47.660 2.425e-02
47.710 2.420e-02
47.760 2.416e-02
47.810 2.412e-02
47.860 2.407e-02
47.910 2.403e-02
47.960 2.399e-02
48.010 2.394e-02
48.060 2.390e-02
48.110 2.386e-02
48.160 2.382e-02
48.210 2.377e-02
48.260 2.373e-02
48.310 2.369e-02
48.360 2.365e-02
48.410 2.361e-02
48.460 2.357e-02
48.510 2.352e-02
48.560 2.348e-02
48.610 2.344e-02
48.660 2.340e-02
48.710 2.336e-02
48.760 2.332e-02
48.810 2.328e-02
48.860 2.324e-02
48.910 2.320e-02
48.960 2.316e-02
49.010 2.312e-02
49.060 2.308e-02
49.110 2.304e-02
49.160 2.300e-02
49.210 2.296e-02
49.260 2.292e-02
49.310 2.288e-02
49.360 2.284e-02
49.410 2.281e-02
49.460 2.277e-02
49.510 2.273e-02
49.560 2.269e-02
49.610 2.265e-02
49.660 2.261e-02
49.710 2.258e-02
49.760 2.254e-02
49.810 2.250e-02
49.860 2.246e-02
49.910 2.243e-02
49.960 2.239e-02
50.010 2.235e-02
