0.010 inf
0.060 0.000e+00
0.110 0.000e+00
0.160 0.000e+00
0.210 0.000e+00
0.260 0.000e+00
0.310 0.000e+00
0.360 0.000e+00
0.410 0.000e+00
0.460 0.000e+00
0.510 0.000e+00
0.560 0.000e+00
0.610 0.000e+00
0.660 0.000e+00
0.710 0.000e+00
0.760 0.000e+00
0.810 0.000e+00
0.860 0.000e+00
0.910 0.000e+00
0.960 0.000e+00
1.010 0.000e+00
1.060 0.000e+00
1.110 2.952e-14
1.160 8.857e-14
1.210 4.133e-13
1.260 1.594e-12
1.310 5.314e-12
1.360 1.637e-11
1.410 4.650e-11
1.460 1.227e-10
1.510 3.034e-10
1.560 7.070e-10
1.610 1.562e-09
1.660 3.287e-09
1.710 6.617e-09
1.760 1.279e-08
1.810 2.383e-08
1.860 4.290e-08
1.910 7.484e-08
1.960 1.268e-07
2.010 2.092e-07
2.060 3.367e-07
2.110 5.296e-07
2.160 8.151e-07
2.210 1.230e-06
2.260 1.821e-06
2.310 2.651e-06
2.360 3.795e-06
2.410 5.351e-06
2.460 7.438e-06
2.510 1.020e-05
2.560 1.381e-05
2.610 1.848e-05
2.660 2.445e-05
2.710 3.200e-05
2.760 4.147e-05
2.810 5.324e-05
2.860 6.773e-05
2.910 8.543e-05
2.960 1.069e-04
3.010 1.327e-04
3.060 1.636e-04
3.110 2.002e-04
3.160 2.434e-04
3.210 2.942e-04
3.260 3.533e-04
3.310 4.219e-04
3.360 5.011e-04
3.410 5.920e-04
3.460 6.960e-04
3.510 8.143e-04
3.560 9.484e-04
3.610 1.100e-03
3.660 1.270e-03
3.710 1.460e-03
3.760 1.673e-03
3.810 1.910e-03
3.860 2.172e-03
3.910 2.462e-03
3.960 2.781e-03
4.010 3.132e-03
4.060 3.516e-03
4.110 3.936e-03
4.160 4.394e-03
4.210 4.891e-03
4.260 5.431e-03
4.310 6.014e-03
4.360 6.645e-03
4.410 7.324e-03
4.460 8.054e-03
4.510 8.838e-03
4.560 9.677e-03
4.610 1.057e-02
4.660 1.153e-02
4.710 1.255e-02
4.760 1.364e-02
4.810 1.479e-02
4.860 1.601e-02
4.910 1.730e-02
4.960 1.867e-02
5.010 2.012e-02
5.060 2.164e-02
5.110 2.324e-02
5.160 2.493e-02
5.210 2.670e-02
5.260 2.855e-02
5.310 3.050e-02
5.360 3.254e-02
5.410 3.467e-02
5.460 3.689e-02
5.510 3.921e-02
5.560 4.164e-02
5.610 4.416e-02
5.660 4.678e-02
5.710 4.951e-02
5.760 5.234e-02
5.810 5.528e-02
5.860 5.833e-02
5.910 6.149e-02
5.960 6.476e-02
6.010 6.814e-02
6.060 7.164e-02
6.110 7.525e-02
6.160 7.899e-02
6.210 8.284e-02
6.260 8.680e-02
6.310 9.090e-02
6.360 9.511e-02
6.410 9.944e-02
6.460 1.039e-01
6.510 1.085e-01
6.560 1.132e-01
6.610 1.180e-01
6.660 1.230e-01
6.710 1.281e-01
6.760 1.333e-01
6.810 1.387e-01
6.860 1.441e-01
6.910 1.498e-01
6.960 1.555e-01
7.010 1.614e-01
7.060 1.674e-01
7.110 1.735e-01
7.160 1.798e-01
7.210 1.862e-01
7.260 1.927e-01
7.310 1.994e-01
7.360 2.062e-01
7.410 2.132e-01
7.460 2.203e-01
7.510 2.275e-01
7.560 2.348e-01
7.610 2.423e-01
7.660 2.499e-01
7.710 2.577e-01
7.760 2.656e-01
7.810 2.736e-01
7.860 2.818e-01
7.910 2.901e-01
7.960 2.985e-01
8.010 3.071e-01
8.060 3.158e-01
8.110 3.247e-01
8.160 3.336e-01
8.210 3.427e-01
8.260 3.520e-01
8.310 3.614e-01
8.360 3.709e-01
8.410 3.806e-01
8.460 3.903e-01
8.510 4.003e-01
8.560 4.103e-01
8.610 4.205e-01
8.660 4.308e-01
8.710 4.413e-01
8.760 4.519e-01
8.810 4.626e-01
8.860 4.734e-01
8.910 4.844e-01
8.960 4.955e-01
9.010 5.067e-01
9.060 5.181e-01
9.110 5.296e-01
9.160 5.412e-01
9.210 5.530e-01
9.260 5.649e-01
9.310 5.769e-01
9.360 5.890e-01
9.410 6.013e-01
9.460 6.137e-01
9.510 6.262e-01
9.560 6.388e-01
9.610 6.516e-01
9.660 6.645e-01
9.710 6.775e-01
9.760 6.906e-01
9.810 7.038e-01
9.860 7.172e-01
9.910 7.307e-01
9.960 7.443e-01
10.010 7.581e-01
10.060 7.719e-01
10.110 7.859e-01
10.160 8.000e-01
10.210 8.142e-01
10.260 8.285e-01
10.310 8.429e-01
10.360 8.575e-01
10.410 8.722e-01
10.460 8.870e-01
10.510 9.019e-01
10.560 9.169e-01
10.610 9.320e-01
10.660 9.472e-01
10.710 9.626e-01
10.760 9.780e-01
10.810 9.936e-01
10.860 1.009e+00
10.910 1.025e+00
10.960 1.041e+00
11.010 1.057e+00
11.060 1.073e+00
11.110 1.089e+00
11.160 1.106e+00
11.210 1.122e+00
11.260 1.139e+00
11.310 1.155e+00
11.360 1.172e+00
11.410 1.189e+00
11.460 1.206e+00
11.510 1.223e+00
11.560 1.240e+00
11.610 1.257e+00
11.660 1.274e+00
11.710 1.292e+00
11.760 1.309e+00
11.810 1.327e+00
11.860 1.345e+00
11.910 1.363e+00
11.960 1.381e+00
12.010 1.399e+00
12.060 1.417e+00
12.110 1.435e+00
12.160 1.453e+00
12.210 1.472e+00
12.260 1.490e+00
12.310 1.509e+00
12.360 1.527e+00
12.410 1.546e+00
12.460 1.565e+00
12.510 1.584e+00
12.560 1.603e+00
12.610 1.622e+00
12.660 1.641e+00
12.710 1.660e+00
12.760 1.680e+00
12.810 1.699e+00
12.860 1.719e+00
12.910 1.738e+00
12.960 1.758e+00
13.010 1.778e+00
13.060 1.798e+00
13.110 1.817e+00
13.160 1.837e+00
13.210 1.858e+00
13.260 1.878e+00
13.310 1.898e+00
13.360 1.918e+00
13.410 1.939e+00
13.460 1.959e+00
13.510 1.980e+00
13.560 2.000e+00
13.610 2.021e+00
13.660 2.042e+00
13.710 2.063e+00
13.760 2.083e+00
13.810 2.104e+00
13.860 2.125e+00
13.910 2.147e+00
13.960 2.168e+00
14.010 2.189e+00
14.060 2.210e+00
14.110 2.232e+00
14.160 2.253e+00
14.210 2.275e+00
14.260 2.296e+00
14.310 2.318e+00
14.360 2.340e+00
14.410 2.361e+00
14.460 2.383e+00
14.510 2.405e+00
14.560 2.427e+00
14.610 2.449e+00
14.660 2.471e+00
14.710 2.493e+00
14.760 2.515e+00
14.810 2.538e+00
14.860 2.560e+00
14.910 2.582e+00
14.960 2.605e+00
15.010 2.627e+00
15.060 2.650e+00
15.110 2.672e+00
15.160 2.695e+00
15.210 2.717e+00
15.260 2.740e+00
15.310 2.763e+00
15.360 2.786e+00
15.410 2.808e+00
15.460 2.831e+00
15.510 2.854e+00
15.560 2.877e+00
15.610 2.900e+00
15.660 2.923e+00
15.710 2.946e+00
15.760 2.969e+00
15.810 2.993e+00
15.860 3.016e+00
15.910 3.039e+00
15.960 3.062e+00
16.010 3.086e+00
16.060 3.109e+00
16.110 3.132e+00
16.160 3.156e+00
16.210 3.179e+00
16.260 3.203e+00
16.310 3.226e+00
16.360 3.250e+00
16.410 3.273e+00
16.460 3.297e+00
16.510 3.320e+00
16.560 3.344e+00
16.610 3.368e+00
16.660 3.391e+00
16.710 3.415e+00
16.760 3.439e+00
16.810 3.462e+00
16.860 3.486e+00
16.910 3.510e+00
16.960 3.534e+00
17.010 3.557e+00
17.060 3.581e+00
17.110 3.605e+00
17.160 3.629e+00
17.210 3.652e+00
17.260 3.676e+00
17.310 3.700e+00
17.360 3.724e+00
17.410 3.747e+00
17.460 3.771e+00
17.510 3.795e+00
17.560 3.819e+00
17.610 3.842e+00
17.660 3.866e+00
17.710 3.890e+00
17.760 3.913e+00
17.810 3.937e+00
17.860 3.961e+00
17.910 3.984e+00
17.960 4.008e+00
18.010 4.031e+00
18.060 4.055e+00
18.110 4.078e+00
18.160 4.102e+00
18.210 4.125e+00
18.260 4.149e+00
18.310 4.172e+00
18.360 4.195e+00
18.410 4.218e+00
18.460 4.242e+00
18.510 4.265e+00
18.560 4.288e+00
18.610 4.311e+00
18.660 4.334e+00
18.710 4.356e+00
18.760 4.379e+00
18.810 4.402e+00
18.860 4.424e+00
18.910 4.447e+00
18.960 4.469e+00
19.010 4.491e+00
19.060 4.514e+00
19.110 4.536e+00
19.160 4.558e+00
19.210 4.580e+00
19.260 4.601e+00
19.310 4.623e+00
19.360 4.644e+00
19.410 4.666e+00
19.460 4.687e+00
19.510 4.708e+00
19.560 4.729e+00
19.610 4.750e+00
19.660 4.770e+00
19.710 4.791e+00
19.760 4.811e+00
19.810 4.831e+00
19.860 4.851e+00
19.910 4.871e+00
19.960 4.890e+00
20.010 4.910e+00
20.060 4.929e+00
20.110 4.948e+00
20.160 4.966e+00
20.210 4.985e+00
20.260 5.003e+00
20.310 5.021e+00
20.360 5.039e+00
20.410 5.056e+00
20.460 5.073e+00
20.510 5.090e+00
20.560 5.107e+00
20.610 5.124e+00
20.660 5.140e+00
20.710 5.156e+00
20.760 5.171e+00
20.810 5.187e+00
20.860 5.202e+00
20.910 5.217e+00
20.960 5.231e+00
21.010 5.245e+00
21.060 5.259e+00
21.110 5.273e+00
21.160 5.286e+00
21.210 5.299e+00
21.260 5.312e+00
21.310 5.324e+00
21.360 5.336e+00
21.410 5.348e+00
21.460 5.360e+00
21.510 5.371e+00
21.560 5.382e+00
21.610 5.392e+00
21.660 5.403e+00
21.710 5.413e+00
21.760 5.422e+00
21.810 5.432e+00
21.860 5.441e+00
21.910 5.450e+00
21.960 5.459e+00
22.010 5.467e+00
22.060 5.475e+00
22.110 5.483e+00
22.160 5.491e+00
22.210 5.498e+00
22.260 5.506e+00
22.310 5.513e+00
22.360 5.519e+00
22.410 5.526e+00
22.460 5.532e+00
22.510 5.538e+00
22.560 5.544e+00
22.610 5.550e+00
22.660 5.556e+00
22.710 5.561e+00
22.760 5.566e+00
22.810 5.571e+00
22.860 5.576e+00
22.910 5.581e+00
22.960 5.586e+00
23.010 5.590e+00
23.060 5.594e+00
23.110 5.598e+00
23.160 5.602e+00
23.210 5.606e+00
23.260 5.610e+00
23.310 5.614e+00
23.360 5.617e+00
23.410 5.621e+00
23.460 5.624e+00
23.510 5.627e+00
23.560 5.630e+00
23.610 5.633e+00
23.660 5.636e+00
23.710 5.639e+00
23.760 5.642e+00
23.810 5.644e+00
23.860 5.647e+00
23.910 5.649e+00
23.960 5.652e+00
24.010 5.654e+00
24.060 5.657e+00
24.110 5.659e+00
24.160 5.661e+00
24.210 5.663e+00
24.260 5.665e+00
24.310 5.667e+00
24.360 5.669e+00
24.410 5.671e+00
24.460 5.673e+00
24.510 5.674e+00
24.560 5.676e+00
24.610 5.678e+00
24.660 5.679e+00
24.710 5.681e+00
24.760 5.682e+00
24.810 5.684e+00
24.860 5.685e+00
24.910 5.687e+00
24.960 5.688e+00
25.010 5.689e+00
25.060 5.691e+00
25.110 5.692e+00
25.160 5.693e+00
25.210 5.694e+00
25.260 5.695e+00
25.310 5.697e+00
25.360 5.698e+00
25.410 5.699e+00
25.460 5.700e+00
25.510 5.701e+00
25.560 5.702e+00
25.610 5.703e+00
25.660 5.704e+00
25.710 5.705e+00
25.760 5.706e+00
25.810 5.707e+00
25.860 5.707e+00
25.910 5.708e+00
25.960 5.709e+00
26.010 5.710e+00
26.060 5.711e+00
26.110 5.711e+00
26.160 5.712e+00
26.210 5.713e+00
26.260 5.714e+00
26.310 5.714e+00
26.360 5.715e+00
26.410 5.716e+00
26.460 5.716e+00
26.510 5.717e+00
26.560 5.718e+00
26.610 5.718e+00
26.660 5.719e+00
26.710 5.719e+00
26.760 5.720e+00
26.810 5.721e+00
26.860 5.721e+00
26.910 5.722e+00
26.960 5.722e+00
27.010 5.723e+00
27.060 5.723e+00
27.110 5.724e+00
27.160 5.724e+00
27.210 5.725e+00
27.260 5.725e+00
27.310 5.726e+00
27.360 5.726e+00
27.410 5.727e+00
27.460 5.727e+00
27.510 5.727e+00
27.560 5.728e+00
27.610 5.728e+00
27.660 5.729e+00
27.710 5.729e+00
27.760 5.729e+00
27.810 5.730e+00
27.860 5.730e+00
27.910 5.731e+00
27.960 5.731e+00
28.010 5.731e+00
28.060 5.732e+00
28.110 5.732e+00
28.160 5.732e+00
28.210 5.733e+00
28.260 5.733e+00
28.310 5.733e+00
28.360 5.734e+00
28.410 5.734e+00
28.460 5.734e+00
28.510 5.735e+00
28.560 5.735e+00
28.610 5.735e+00
28.660 5.735e+00
28.710 5.736e+00
28.760 5.736e+00
28.810 5.736e+00
28.860 5.736e+00
28.910 5.737e+00
28.960 5.737e+00
29.010 5.737e+00
29.060 5.737e+00
29.110 5.738e+00
29.160 5.738e+00
29.210 5.738e+00
29.260 5.738e+00
29.310 5.739e+00
29.360 5.739e+00
29.410 5.739e+00
29.460 5.739e+00
29.510 5.740e+00
29.560 5.740e+00
29.610 5.740e+00
29.660 5.740e+00
29.710 5.740e+00
29.760 5.741e+00
29.810 5.741e+00
29.860 5.741e+00
29.910 5.741e+00
29.960 5.741e+00
30.010 5.742e+00
30.060 5.742e+00
30.110 5.742e+00
30.160 5.742e+00
30.210 5.742e+00
30.260 5.742e+00
30.310 5.743e+00
30.360 5.743e+00
30.410 5.743e+00
30.460 5.743e+00
30.510 5.743e+00
30.560 5.743e+00
30.610 5.744e+00
30.660 5.744e+00
30.710 5.744e+00
30.760 5.744e+00
30.810 5.744e+00
30.860 5.744e+00
30.910 5.744e+00
30.960 5.745e+00
31.010 5.745e+00
31.060 5.745e+00
31.110 5.745e+00
31.160 5.745e+00
31.210 5.745e+00
31.260 5.745e+00
31.310 5.746e+00
31.360 5.746e+00
31.410 5.746e+00
31.460 5.746e+00
31.510 5.746e+00
31.560 5.746e+00
31.610 5.746e+00
31.660 5.746e+00
31.710 5.746e+00
31.760 5.747e+00
31.810 5.747e+00
31.860 5.747e+00
31.910 5.747e+00
31.960 5.747e+00
32.010 5.747e+00
32.060 5.747e+00
32.110 5.747e+00
32.160 5.747e+00
32.210 5.748e+00
32.260 5.748e+00
32.310 5.748e+00
32.360 5.748e+00
32.410 5.748e+00
32.460 5.748e+00
32.510 5.748e+00
32.560 5.748e+00
32.610 5.748e+00
32.660 5.748e+00
32.710 5.749e+00
32.760 5.749e+00
32.810 5.749e+00
32.860 5.749e+00
32.910 5.749e+00
32.960 5.749e+00
33.010 5.749e+00
33.060 5.749e+00
33.110 5.749e+00
33.160 5.749e+00
33.210 5.749e+00
33.260 5.749e+00
33.310 5.750e+00
33.360 5.750e+00
33.410 5.750e+00
33.460 5.750e+00
33.510 5.750e+00
33.560 5.750e+00
33.610 5.750e+00
33.660 5.750e+00
33.710 5.750e+00
33.760 5.750e+00
33.810 5.750e+00
33.860 5.750e+00
33.910 5.750e+00
33.960 5.750e+00
34.010 5.751e+00
34.060 5.751e+00
34.110 5.751e+00
34.160 5.751e+00
34.210 5.751e+00
34.260 5.751e+00
34.310 5.751e+00
34.360 5.751e+00
34.410 5.751e+00
34.460 5.751e+00
34.510 5.751e+00
34.560 5.751e+00
34.610 5.751e+00
34.660 5.751e+00
34.710 5.751e+00
34.760 5.751e+00
34.810 5.752e+00
34.860 5.752e+00
34.910 5.752e+00
34.960 5.752e+00
35.010 5.752e+00
35.060 5.752e+00
35.110 5.752e+00
35.160 5.752e+00
35.210 5.752e+00
35.260 5.752e+00
35.310 5.752e+00
35.360 5.752e+00
35.410 5.752e+00
35.460 5.752e+00
35.510 5.752e+00
35.560 5.752e+00
35.610 5.752e+00
35.660 5.752e+00
35.710 5.752e+00
35.760 5.753e+00
35.810 5.753e+00
35.860 5.753e+00
35.910 5.753e+00
35.960 5.753e+00
36.010 5.753e+00
36.060 5.753e+00
36.110 5.753e+00
36.160 5.753e+00
36.210 5.753e+00
36.260 5.753e+00
36.310 5.753e+00
36.360 5.753e+00
36.410 5.753e+00
36.460 5.753e+00
36.510 5.753e+00
36.560 5.753e+00
36.610 5.753e+00
36.660 5.753e+00
36.710 5.753e+00
36.760 5.753e+00
36.810 5.753e+00
36.860 5.753e+00
36.910 5.754e+00
36.960 5.754e+00
37.010 5.754e+00
37.060 5.754e+00
37.110 5.754e+00
37.160 5.754e+00
37.210 5.754e+00
37.260 5.754e+00
37.310 5.754e+00
37.360 5.754e+00
37.410 5.754e+00
37.460 5.754e+00
37.510 5.754e+00
37.560 5.754e+00
37.610 5.754e+00
37.660 5.754e+00
37.710 5.754e+00
37.760 5.754e+00
37.810 5.754e+00
37.860 5.754e+00
37.910 5.754e+00
37.960 5.754e+00
38.010 5.754e+00
38.060 5.754e+00
38.110 5.754e+00
38.160 5.754e+00
38.210 5.754e+00
38.260 5.754e+00
38.310 5.754e+00
38.360 5.755e+00
38.410 5.755e+00
38.460 5.755e+00
38.510 5.755e+00
38.560 5.755e+00
38.610 5.755e+00
38.660 5.755e+00
38.710 5.755e+00
38.760 5.755e+00
38.810 5.755e+00
38.860 5.755e+00
38.910 5.755e+00
38.960 5.755e+00
39.010 5.755e+00
39.060 5.755e+00
39.110 5.755e+00
39.160 5.755e+00
39.210 5.755e+00
39.260 5.755e+00
39.310 5.755e+00
39.360 5.755e+00
39.410 5.755e+00
39.460 5.755e+00
39.510 5.755e+00
39.560 5.755e+00
39.610 5.755e+00
39.660 5.755e+00
39.710 5.755e+00
39.760 5.755e+00
39.810 5.755e+00
39.860 5.755e+00
39.910 5.755e+00
39.960 5.755e+00
40.010 5.755e+00
40.060 5.755e+00
40.110 5.755e+00
40.160 5.755e+00
40.210 5.755e+00
40.260 5.755e+00
40.310 5.756e+00
40.360 5.756e+00
40.410 5.756e+00
40.460 5.756e+00
40.510 5.756e+00
40.560 5.756e+00
40.610 5.756e+00
40.660 5.756e+00
40.710 5.756e+00
40.760 5.756e+00
40.810 5.756e+00
40.860 5.756e+00
40.910 5.756e+00
40.960 5.756e+00
41.010 5.756e+00
41.060 5.756e+00
41.110 5.756e+00
41.160 5.756e+00
41.210 5.756e+00
41.260 5.756e+00
41.310 5.756e+00
41.360 5.756e+00
41.410 5.756e+00
41.460 5.756e+00
41.510 5.756e+00
41.560 5.756e+00
41.610 5.756e+00
41.660 5.756e+00
41.710 5.756e+00
41.760 5.756e+00
41.810 5.756e+00
41.860 5.756e+00
41.910 5.756e+00
41.960 5.756e+00
42.010 5.756e+00
42.060 5.756e+00
42.110 5.756e+00
42.160 5.756e+00
42.210 5.756e+00
42.260 5.756e+00
42.310 5.756e+00
42.360 5.756e+00
42.410 5.756e+00
42.460 5.756e+00
42.510 5.756e+00
42.560 5.756e+00
42.610 5.756e+00
42.660 5.756e+00
42.710 5.756e+00
42.760 5.756e+00
42.810 5.756e+00
42.860 5.756e+00
42.910 5.756e+00
42.960 5.757e+00
43.010 5.757e+00
43.060 5.757e+00
43.110 5.757e+00
43.160 5.757e+00
43.210 5.757e+00
43.260 5.757e+00
43.310 5.757e+00
43.360 5.757e+00
43.410 5.757e+00
43.460 5.757e+00
43.510 5.757e+00
43.560 5.757e+00
43.610 5.757e+00
43.660 5.757e+00
43.710 5.757e+00
43.760 5.757e+00
43.810 5.757e+00
43.860 5.757e+00
43.910 5.757e+00
43.960 5.757e+00
44.010 5.757e+00
44.060 5.757e+00
44.110 5.757e+00
44.160 5.757e+00
44.210 5.757e+00
44.260 5.757e+00
44.310 5.757e+00
44.360 5.757e+00
44.410 5.757e+00
44.460 5.757e+00
44.510 5.757e+00
44.560 5.757e+00
44.610 5.757e+00
44.660 5.757e+00
44.710 5.757e+00
44.760 5.757e+00
44.810 5.757e+00
44.860 5.757e+00
44.910 5.757e+00
44.960 5.757e+00
45.010 5.757e+00
45.060 5.757e+00
45.110 5.757e+00
45.160 5.757e+00
45.210 5.757e+00
45.260 5.757e+00
45.310 5.757e+00
45.360 5.757e+00
45.410 5.757e+00
45.460 5.757e+00
45.510 5.757e+00
45.560 5.757e+00
45.610 5.757e+00
45.660 5.757e+00
45.710 5.757e+00
45.760 5.757e+00
45.810 5.757e+00
45.860 5.757e+00
45.910 5.757e+00
45.960 5.757e+00
46.010 5.757e+00
46.060 5.757e+00
46.110 5.757e+00
46.160 5.757e+00
46.210 5.757e+00
46.260 5.757e+00
46.310 5.757e+00
46.360 5.757e+00
46.410 5.757e+00
46.460 5.757e+00
46.510 5.757e+00
46.560 5.757e+00
46.610 5.757e+00
46.660 5.757e+00
46.710 5.757e+00
46.760 5.757e+00
46.810 5.757e+00
46.860 5.757e+00
46.910 5.757e+00
46.960 5.757e+00
47.010 5.757e+00
47.060 5.757e+00
47.110 5.758e+00
47.160 5.758e+00
47.210 5.758e+00
47.260 5.758e+00
47.310 5.758e+00
47.360 5.758e+00
47.410 5.758e+00
47.460 5.758e+00
47.510 5.758e+00
47.560 5.758e+00
47.610 5.758e+00
47.660 5.758e+00
47.710 5.758e+00
47.760 5.758e+00
47.810 5.758e+00
47.860 5.758e+00
47.910 5.758e+00
47.960 5.758e+00
48.010 5.758e+00
48.060 5.758e+00
48.110 5.758e+00
48.160 5.758e+00
48.210 5.758e+00
48.260 5.758e+00
48.310 5.758e+00
48.360 5.758e+00
48.410 5.758e+00
48.460 5.758e+00
48.510 5.758e+00
48.560 5.758e+00
48.610 5.758e+00
48.660 5.758e+00
48.710 5.758e+00
48.760 5.758e+00
48.810 5.758e+00
48.860 5.758e+00
48.910 5.758e+00
48.960 5.758e+00
49.010 5.758e+00
49.060 5.758e+00
49.110 5.758e+00
49.160 5.758e+00
49.210 5.758e+00
49.260 5.758e+00
49.310 5.758e+00
49.360 5.758e+00
49.410 5.758e+00
49.460 5.758e+00
49.510 5.758e+00
49.560 5.758e+00
49.610 5.758e+00
49.660 5.758e+00
49.710 5.758e+00
49.760 5.758e+00
49.810 5.758e+00
49.860 5.758e+00
49.910 5.758e+00
49.960 5.758e+00
50.010 5.758e+00
