0.010000	1.000000e+00
0.060000	1.000000e+00
0.110000	1.000000e+00
0.160000	1.000000e+00
0.210000	1.000000e+00
0.260000	1.000000e+00
0.310000	1.000000e+00
0.360000	1.000000e+00
0.410000	1.000000e+00
0.460000	1.000000e+00
0.510000	1.000000e+00
0.560000	1.000000e+00
0.610000	1.000000e+00
0.660000	1.000000e+00
0.710000	1.000000e+00
0.760000	1.000000e+00
0.810000	1.000000e+00
0.860000	1.000000e+00
0.910000	1.000000e+00
0.960000	1.000000e+00
1.010000	1.000000e+00
1.060000	1.000000e+00
1.110000	1.000000e+00
1.160000	1.000000e+00
1.210000	9.999999e-01
1.260000	9.999998e-01
1.310000	9.999997e-01
1.360000	9.999994e-01
1.410000	9.999990e-01
1.460000	9.999983e-01
1.510000	9.999974e-01
1.560000	9.999959e-01
1.610000	9.999939e-01
1.660000	9.999911e-01
1.710000	9.999872e-01
1.760000	9.999820e-01
1.810000	9.999752e-01
1.860000	9.999664e-01
1.910000	9.999552e-01
1.960000	9.999411e-01
2.010000	9.999237e-01
2.060000	9.999023e-01
2.110000	9.998764e-01
2.160000	9.998453e-01
2.210000	9.998080e-01
2.260000	9.997643e-01
2.310000	9.997132e-01
2.360000	9.996538e-01
2.410000	9.995855e-01
2.460000	9.995072e-01
2.510000	9.994181e-01
2.560000	9.993172e-01
2.610000	9.992038e-01
2.660000	9.990767e-01
2.710000	9.989351e-01
2.760000	9.987779e-01
2.810000	9.986043e-01
2.860000	9.984132e-01
2.910000	9.982037e-01
2.960000	9.979748e-01
3.010000	9.977255e-01
3.060000	9.974549e-01
3.110000	9.971620e-01
3.160000	9.968459e-01
3.210000	9.965057e-01
3.260000	9.961404e-01
3.310000	9.957492e-01
3.360000	9.953311e-01
3.410000	9.948854e-01
3.460000	9.944050e-01
3.510000	9.938998e-01
3.560000	9.933641e-01
3.610000	9.927970e-01
3.660000	9.921977e-01
3.710000	9.915654e-01
3.760000	9.908993e-01
3.810000	9.901986e-01
3.860000	9.894626e-01
3.910000	9.886904e-01
3.960000	9.878813e-01
4.010000	9.870346e-01
4.060000	9.861496e-01
4.110000	9.852256e-01
4.160000	9.842619e-01
4.210000	9.832577e-01
4.260000	9.822126e-01
4.310000	9.811257e-01
4.360000	9.799965e-01
4.410000	9.788067e-01
4.460000	9.775875e-01
4.510000	9.763236e-01
4.560000	9.750143e-01
4.610000	9.736590e-01
4.660000	9.722571e-01
4.710000	9.708078e-01
4.760000	9.693107e-01
4.810000	9.677650e-01
4.860000	9.661701e-01
4.910000	9.645255e-01
4.960000	9.628306e-01
5.010000	9.610847e-01
5.060000	9.592872e-01
5.110000	9.574376e-01
5.160000	9.555036e-01
5.210000	9.535425e-01
5.260000	9.515267e-01
5.310000	9.494556e-01
5.360000	9.473286e-01
5.410000	9.451449e-01
5.460000	9.429040e-01
5.510000	9.406052e-01
5.560000	9.382477e-01
5.610000	9.358311e-01
5.660000	9.333546e-01
5.710000	9.308176e-01
5.760000	9.281738e-01
5.810000	9.255061e-01
5.860000	9.227750e-01
5.910000	9.199795e-01
5.960000	9.171190e-01
6.010000	9.141926e-01
6.060000	9.111996e-01
6.110000	9.081392e-01
6.160000	9.050106e-01
6.210000	9.018130e-01
6.260000	8.984849e-01
6.310000	8.951371e-01
6.360000	8.917166e-01
6.410000	8.882223e-01
6.460000	8.846534e-01
6.510000	8.810089e-01
6.560000	8.772878e-01
6.610000	8.734891e-01
6.660000	8.695397e-01
6.710000	8.655711e-01
6.760000	8.615203e-01
6.810000	8.573861e-01
6.860000	8.531672e-01
6.910000	8.488626e-01
6.960000	8.444710e-01
7.010000	8.399046e-01
7.060000	8.353209e-01
7.110000	8.306444e-01
7.160000	8.258736e-01
7.210000	8.210071e-01
7.260000	8.159567e-01
7.310000	8.108792e-01
7.360000	8.056993e-01
7.410000	8.004149e-01
7.460000	7.950245e-01
7.510000	7.894292e-01
7.560000	7.838039e-01
7.610000	7.780642e-01
7.660000	7.722080e-01
7.710000	7.661322e-01
7.760000	7.600181e-01
7.810000	7.537778e-01
7.860000	7.474088e-01
7.910000	7.407944e-01
7.960000	7.341388e-01
8.010000	7.273431e-01
8.060000	7.202877e-01
8.110000	7.131800e-01
8.160000	7.059190e-01
8.210000	6.983749e-01
8.260000	6.907715e-01
8.310000	6.828798e-01
8.360000	6.749103e-01
8.410000	6.666411e-01
8.460000	6.582785e-01
8.510000	6.495983e-01
8.560000	6.408115e-01
8.610000	6.316824e-01
8.660000	6.224356e-01
8.710000	6.128141e-01
8.760000	6.029331e-01
8.810000	5.929017e-01
8.860000	5.824481e-01
8.910000	5.716870e-01
8.960000	5.605988e-01
9.010000	5.491622e-01
9.060000	5.373540e-01
9.110000	5.251487e-01
9.160000	5.125185e-01
9.210000	4.992793e-01
9.260000	4.856865e-01
9.310000	4.713991e-01
9.360000	4.565131e-01
9.410000	4.409656e-01
9.460000	4.245289e-01
9.510000	4.072627e-01
9.560000	3.890534e-01
9.610000	3.696068e-01
9.660000	3.487366e-01
9.710000	3.261979e-01
9.760000	3.016567e-01
9.810000	2.743074e-01
9.860000	2.432432e-01
9.910000	2.065607e-01
9.960000	1.604094e-01
10.010000	9.386850e-02
10.060000	3.075328e-02
10.110000	1.601073e-02
10.160000	1.081424e-02
10.210000	8.171523e-03
10.260000	6.639828e-03
10.310000	5.513997e-03
10.360000	4.779253e-03
10.410000	4.145518e-03
10.460000	3.607251e-03
10.510000	3.381004e-03
10.560000	3.062218e-03
10.610000	2.764032e-03
10.660000	2.613338e-03
10.710000	2.416805e-03
10.760000	2.155711e-03
10.810000	2.136963e-03
10.860000	1.863990e-03
10.910000	1.806891e-03
10.960000	1.800653e-03
11.010000	1.675459e-03
11.060000	1.587948e-03
11.110000	1.532916e-03
11.160000	1.350540e-03
11.210000	1.346276e-03
11.260000	1.366689e-03
11.310000	1.249199e-03
11.360000	1.152401e-03
11.410000	1.224191e-03
11.460000	1.155335e-03
11.510000	1.100355e-03
11.560000	1.057570e-03
11.610000	1.025704e-03
11.660000	1.003818e-03
11.710000	9.912685e-04
11.760000	8.398775e-04
11.810000	8.407446e-04
11.860000	8.491219e-04
11.910000	8.651973e-04
11.960000	7.436316e-04
12.010000	7.679142e-04
12.060000	7.999391e-04
12.110000	6.941207e-04
12.160000	7.326732e-04
12.210000	7.800520e-04
12.260000	6.832389e-04
12.310000	7.369455e-04
12.360000	6.485944e-04
12.410000	7.086553e-04
12.460000	6.266711e-04
12.510000	5.543691e-04
12.560000	6.161665e-04
12.610000	5.476418e-04
12.660000	6.164159e-04
12.710000	5.504116e-04
12.760000	4.916399e-04
12.810000	5.627255e-04
12.860000	5.049423e-04
12.910000	5.851243e-04
12.960000	5.274173e-04
13.010000	4.755493e-04
13.060000	5.601568e-04
13.110000	5.073193e-04
13.160000	4.596025e-04
13.210000	4.164979e-04
13.260000	5.006237e-04
13.310000	4.556547e-04
13.360000	4.148430e-04
13.410000	5.066159e-04
13.460000	4.632230e-04
13.510000	4.236612e-04
13.560000	3.875827e-04
13.610000	3.546723e-04
13.660000	4.434590e-04
13.710000	4.075090e-04
13.760000	3.745690e-04
13.810000	3.443793e-04
13.860000	4.389466e-04
13.910000	4.052303e-04
13.960000	3.741938e-04
14.010000	3.456172e-04
14.060000	3.192994e-04
14.110000	4.163203e-04
14.160000	3.861660e-04
14.210000	3.582764e-04
14.260000	3.324757e-04
14.310000	3.086021e-04
14.360000	2.865067e-04
14.410000	3.833784e-04
14.460000	3.573232e-04
14.510000	3.331084e-04
14.560000	3.105994e-04
14.610000	2.896716e-04
14.660000	2.702098e-04
14.710000	2.521077e-04
14.760000	3.472510e-04
14.810000	3.252189e-04
14.860000	3.046435e-04
14.910000	2.854247e-04
14.960000	2.674696e-04
15.010000	2.506918e-04
15.060000	2.350111e-04
15.110000	3.329509e-04
15.160000	3.132763e-04
15.210000	2.948166e-04
15.260000	2.774935e-04
15.310000	2.612342e-04
15.360000	2.459706e-04
15.410000	2.316392e-04
15.460000	2.181807e-04
15.510000	2.055397e-04
15.560000	3.013398e-04
15.610000	2.848909e-04
15.660000	2.693831e-04
15.710000	2.547601e-04
15.760000	2.409693e-04
15.810000	2.279611e-04
15.860000	2.156892e-04
15.910000	2.041100e-04
15.960000	1.931827e-04
16.010000	1.828688e-04
16.060000	2.780490e-04
16.110000	2.641055e-04
16.160000	2.508974e-04
16.210000	2.383840e-04
16.260000	2.265271e-04
16.310000	2.152905e-04
16.360000	2.046403e-04
16.410000	1.945444e-04
16.460000	1.849726e-04
16.510000	1.758962e-04
16.560000	1.672886e-04
16.610000	1.591241e-04
16.660000	2.521961e-04
16.710000	2.406741e-04
16.760000	2.297078e-04
16.810000	2.192690e-04
16.860000	2.093311e-04
16.910000	1.998688e-04
16.960000	1.908582e-04
17.010000	1.822766e-04
17.060000	1.741024e-04
17.110000	1.663155e-04
17.160000	1.588963e-04
17.210000	1.518268e-04
17.260000	1.450895e-04
17.310000	1.386680e-04
17.360000	2.301000e-04
17.410000	2.206028e-04
17.460000	2.115212e-04
17.510000	2.028359e-04
17.560000	1.945289e-04
17.610000	1.865825e-04
17.660000	1.789804e-04
17.710000	1.717068e-04
17.760000	1.647467e-04
17.810000	1.580858e-04
17.860000	1.517105e-04
17.910000	1.456080e-04
17.960000	1.397658e-04
18.010000	1.341723e-04
18.060000	1.288162e-04
18.110000	1.236870e-04
18.160000	1.187745e-04
18.210000	2.077186e-04
18.260000	2.000579e-04
18.310000	1.926982e-04
18.360000	1.856270e-04
18.410000	1.788322e-04
18.460000	1.723024e-04
18.510000	1.660267e-04
18.560000	1.599946e-04
18.610000	1.541960e-04
18.660000	1.486214e-04
18.710000	1.432615e-04
18.760000	1.381077e-04
18.810000	1.331514e-04
18.860000	1.283848e-04
18.910000	1.238000e-04
18.960000	1.193897e-04
19.010000	1.151470e-04
19.060000	1.110649e-04
19.110000	1.071371e-04
19.160000	1.033574e-04
19.210000	9.971988e-05
19.260000	1.853167e-04
19.310000	1.792904e-04
19.360000	1.734740e-04
19.410000	1.678597e-04
19.460000	1.624401e-04
19.510000	1.572080e-04
19.560000	1.521564e-04
19.610000	1.472788e-04
19.660000	1.425687e-04
19.710000	1.380200e-04
19.760000	1.336268e-04
19.810000	1.293835e-04
19.860000	1.252845e-04
19.910000	1.213248e-04
19.960000	1.174991e-04
20.010000	1.138027e-04
20.060000	1.102310e-04
20.110000	1.067794e-04
20.160000	1.034437e-04
20.210000	1.002196e-04
20.260000	9.710326e-05
20.310000	9.409078e-05
20.360000	9.117849e-05
20.410000	8.836283e-05
20.460000	8.564037e-05
20.510000	8.300784e-05
20.560000	8.046206e-05
20.610000	1.607574e-04
20.660000	1.562276e-04
20.710000	1.518355e-04
20.760000	1.475765e-04
20.810000	1.434463e-04
20.860000	1.394407e-04
20.910000	1.355558e-04
20.960000	1.317875e-04
21.010000	1.281322e-04
21.060000	1.245863e-04
21.110000	1.211461e-04
21.160000	1.178084e-04
21.210000	1.145699e-04
21.260000	1.114273e-04
21.310000	1.083778e-04
21.360000	1.054182e-04
21.410000	1.025458e-04
21.460000	9.975784e-05
21.510000	9.705162e-05
21.560000	9.442458e-05
21.610000	9.187424e-05
21.660000	8.939821e-05
21.710000	8.699415e-05
21.760000	8.465983e-05
21.810000	8.239308e-05
21.860000	8.019180e-05
21.910000	7.805396e-05
21.960000	7.597761e-05
22.010000	7.396085e-05
22.060000	7.200184e-05
22.110000	7.009881e-05
22.160000	6.825004e-05
22.210000	6.645389e-05
22.260000	6.470873e-05
22.310000	6.301302e-05
22.360000	1.372123e-04
22.410000	1.339307e-04
22.460000	1.307343e-04
22.510000	1.276208e-04
22.560000	1.245879e-04
22.610000	1.216332e-04
22.660000	1.187547e-04
22.710000	1.159502e-04
22.760000	1.132176e-04
22.810000	1.105550e-04
22.860000	1.079604e-04
22.910000	1.054319e-04
22.960000	1.029678e-04
23.010000	1.005663e-04
23.060000	9.822558e-05
23.110000	9.594408e-05
23.160000	9.372016e-05
23.210000	9.155225e-05
23.260000	8.943882e-05
23.310000	8.737841e-05
23.360000	8.536957e-05
23.410000	8.341092e-05
23.460000	8.150109e-05
23.510000	7.963878e-05
23.560000	7.782272e-05
23.610000	7.605166e-05
23.660000	7.432439e-05
23.710000	7.263976e-05
23.760000	7.099662e-05
23.810000	6.939388e-05
23.860000	6.783046e-05
23.910000	6.630532e-05
23.960000	6.481744e-05
24.010000	6.336586e-05
24.060000	6.194960e-05
24.110000	6.056775e-05
24.160000	5.921940e-05
24.210000	5.790367e-05
24.260000	5.661972e-05
24.310000	5.536672e-05
24.360000	5.414385e-05
24.410000	5.295034e-05
24.460000	5.178543e-05
24.510000	5.064838e-05
24.560000	4.953846e-05
24.610000	4.845499e-05
24.660000	1.168814e-04
24.710000	1.145668e-04
24.760000	1.123024e-04
24.810000	1.100871e-04
24.860000	1.079196e-04
24.910000	1.057989e-04
24.960000	1.037239e-04
25.010000	1.016935e-04
25.060000	9.970666e-05
25.110000	9.776235e-05
25.160000	9.585959e-05
25.210000	9.399741e-05
25.260000	9.217488e-05
25.310000	9.039108e-05
25.360000	8.864511e-05
25.410000	8.693611e-05
25.460000	8.526321e-05
25.510000	8.362560e-05
25.560000	8.202247e-05
25.610000	8.045302e-05
25.660000	7.891648e-05
25.710000	7.741211e-05
25.760000	7.593917e-05
25.810000	7.449696e-05
25.860000	7.308477e-05
25.910000	7.170192e-05
25.960000	7.034775e-05
26.010000	6.902162e-05
26.060000	6.772289e-05
26.110000	6.645095e-05
26.160000	6.520520e-05
26.210000	6.398505e-05
26.260000	6.278993e-05
26.310000	6.161928e-05
26.360000	6.047256e-05
26.410000	5.934924e-05
26.460000	5.824879e-05
26.510000	5.717071e-05
26.560000	5.611450e-05
26.610000	5.507969e-05
26.660000	5.406580e-05
26.710000	5.307238e-05
26.760000	5.209896e-05
26.810000	5.114512e-05
26.860000	5.021043e-05
26.910000	4.929447e-05
26.960000	4.839683e-05
27.010000	4.751711e-05
27.060000	4.665492e-05
27.110000	4.580989e-05
27.160000	4.498164e-05
27.210000	4.416981e-05
27.260000	4.337405e-05
27.310000	4.259400e-05
27.360000	4.182934e-05
27.410000	4.107973e-05
27.460000	4.034486e-05
27.510000	3.962440e-05
27.560000	3.891804e-05
27.610000	3.822550e-05
27.660000	3.754647e-05
27.710000	3.688067e-05
27.760000	3.622781e-05
27.810000	3.558763e-05
27.860000	3.495985e-05
27.910000	9.585452e-05
27.960000	9.433819e-05
28.010000	9.284842e-05
28.060000	9.138470e-05
28.110000	8.994654e-05
28.160000	8.853345e-05
28.210000	8.714494e-05
28.260000	8.578055e-05
28.310000	8.443982e-05
28.360000	8.312229e-05
28.410000	8.182754e-05
28.460000	8.055512e-05
28.510000	7.930462e-05
28.560000	7.807562e-05
28.610000	7.686771e-05
28.660000	7.568050e-05
28.710000	7.451360e-05
28.760000	7.336663e-05
28.810000	7.223922e-05
28.860000	7.113099e-05
28.910000	7.004160e-05
28.960000	6.897069e-05
29.010000	6.791791e-05
29.060000	6.688294e-05
29.110000	6.586543e-05
29.160000	6.486507e-05
29.210000	6.388155e-05
29.260000	6.291454e-05
29.310000	6.196375e-05
29.360000	6.102887e-05
29.410000	6.010962e-05
29.460000	5.920571e-05
29.510000	5.831686e-05
29.560000	5.744279e-05
29.610000	5.658323e-05
29.660000	5.573792e-05
29.710000	5.490660e-05
29.760000	5.408902e-05
29.810000	5.328492e-05
29.860000	5.249407e-05
29.910000	5.171623e-05
29.960000	5.095115e-05
30.010000	5.019861e-05
30.060000	4.945838e-05
30.110000	4.873025e-05
30.160000	4.801400e-05
30.210000	4.730941e-05
30.260000	4.661627e-05
30.310000	4.593439e-05
30.360000	4.526356e-05
30.410000	4.460358e-05
30.460000	4.395426e-05
30.510000	4.331542e-05
30.560000	4.268687e-05
30.610000	4.206842e-05
30.660000	4.145990e-05
30.710000	4.086113e-05
30.760000	4.027194e-05
30.810000	3.969217e-05
30.860000	3.912165e-05
30.910000	3.856021e-05
30.960000	3.800770e-05
31.010000	3.746396e-05
31.060000	3.692885e-05
31.110000	3.640220e-05
31.160000	3.588387e-05
31.210000	3.537373e-05
31.260000	3.487162e-05
31.310000	3.437740e-05
31.360000	3.389095e-05
31.410000	3.341213e-05
31.460000	3.294080e-05
31.510000	3.247684e-05
31.560000	3.202013e-05
31.610000	3.157053e-05
31.660000	3.112792e-05
31.710000	3.069220e-05
31.760000	3.026323e-05
31.810000	2.984090e-05
31.860000	2.942511e-05
31.910000	2.901574e-05
31.960000	2.861268e-05
32.010000	2.821582e-05
32.060000	2.782507e-05
32.110000	2.744031e-05
32.160000	2.706145e-05
32.210000	2.668839e-05
32.260000	2.632102e-05
32.310000	2.595926e-05
32.360000	2.560301e-05
32.410000	2.525218e-05
32.460000	2.490668e-05
32.510000	2.456641e-05
32.560000	2.423130e-05
32.610000	2.390126e-05
32.660000	2.357619e-05
32.710000	7.607035e-05
32.760000	7.515357e-05
32.810000	7.424918e-05
32.860000	7.335700e-05
32.910000	7.247685e-05
32.960000	7.160855e-05
33.010000	7.075192e-05
33.060000	6.990679e-05
33.110000	6.907298e-05
33.160000	6.825033e-05
33.210000	6.743868e-05
33.260000	6.663785e-05
33.310000	6.584770e-05
33.360000	6.506806e-05
33.410000	6.429877e-05
33.460000	6.353969e-05
33.510000	6.279067e-05
33.560000	6.205155e-05
33.610000	6.132220e-05
33.660000	6.060246e-05
33.710000	5.989220e-05
33.760000	5.919129e-05
33.810000	5.849957e-05
33.860000	5.781693e-05
33.910000	5.714323e-05
33.960000	5.647833e-05
34.010000	5.582212e-05
34.060000	5.517446e-05
34.110000	5.453524e-05
34.160000	5.390432e-05
34.210000	5.328160e-05
34.260000	5.266694e-05
34.310000	5.206025e-05
34.360000	5.146140e-05
34.410000	5.087027e-05
34.460000	5.028677e-05
34.510000	4.971078e-05
34.560000	4.914219e-05
34.610000	4.858090e-05
34.660000	4.802681e-05
34.710000	4.747980e-05
34.760000	4.693979e-05
34.810000	4.640667e-05
34.860000	4.588035e-05
34.910000	4.536072e-05
34.960000	4.484770e-05
35.010000	4.434119e-05
35.060000	4.384110e-05
35.110000	4.334734e-05
35.160000	4.285983e-05
35.210000	4.237846e-05
35.260000	4.190316e-05
35.310000	4.143385e-05
35.360000	4.097043e-05
35.410000	4.051284e-05
35.460000	4.006097e-05
35.510000	3.961477e-05
35.560000	3.917414e-05
35.610000	3.873901e-05
35.660000	3.830931e-05
35.710000	3.788495e-05
35.760000	3.746588e-05
35.810000	3.705200e-05
35.860000	3.664326e-05
35.910000	3.623958e-05
35.960000	3.584089e-05
36.010000	3.544712e-05
36.060000	3.505820e-05
36.110000	3.467408e-05
36.160000	3.429468e-05
36.210000	3.391994e-05
36.260000	3.354980e-05
36.310000	3.318419e-05
36.360000	3.282305e-05
36.410000	3.246632e-05
36.460000	3.211395e-05
36.510000	3.176587e-05
36.560000	3.142202e-05
36.610000	3.108235e-05
36.660000	3.074680e-05
36.710000	3.041532e-05
36.760000	3.008785e-05
36.810000	2.976434e-05
36.860000	2.944473e-05
36.910000	2.912897e-05
36.960000	2.881702e-05
37.010000	2.850881e-05
37.060000	2.820431e-05
37.110000	2.790345e-05
37.160000	2.760620e-05
37.210000	2.731250e-05
37.260000	2.702231e-05
37.310000	2.673559e-05
37.360000	2.645227e-05
37.410000	2.617233e-05
37.460000	2.589571e-05
37.510000	2.562238e-05
37.560000	2.535228e-05
37.610000	2.508538e-05
37.660000	2.482163e-05
37.710000	2.456100e-05
37.760000	2.430344e-05
37.810000	2.404891e-05
37.860000	2.379737e-05
37.910000	2.354879e-05
37.960000	2.330312e-05
38.010000	2.306033e-05
38.060000	2.282037e-05
38.110000	2.258323e-05
38.160000	2.234884e-05
38.210000	2.211719e-05
38.260000	2.188824e-05
38.310000	2.166194e-05
38.360000	2.143827e-05
38.410000	2.121720e-05
38.460000	2.099868e-05
38.510000	2.078269e-05
38.560000	2.056920e-05
38.610000	2.035816e-05
38.660000	2.014956e-05
38.710000	1.994336e-05
38.760000	1.973953e-05
38.810000	1.953803e-05
38.860000	1.933884e-05
38.910000	1.914194e-05
38.960000	1.894728e-05
39.010000	1.875485e-05
39.060000	1.856461e-05
39.110000	1.837654e-05
39.160000	1.819061e-05
39.210000	1.800679e-05
39.260000	1.782505e-05
39.310000	1.764538e-05
39.360000	1.746773e-05
39.410000	1.729210e-05
39.460000	1.711845e-05
39.510000	1.694675e-05
39.560000	1.677699e-05
39.610000	1.660914e-05
39.660000	1.644318e-05
39.710000	1.627907e-05
39.760000	1.611681e-05
39.810000	1.595636e-05
39.860000	1.579770e-05
39.910000	1.564082e-05
39.960000	1.548568e-05
40.010000	1.533228e-05
40.060000	1.518057e-05
40.110000	1.503056e-05
40.160000	1.488221e-05
40.210000	1.473550e-05
40.260000	1.459042e-05
40.310000	1.444694e-05
40.360000	1.430504e-05
40.410000	1.416471e-05
40.460000	5.674883e-05
40.510000	5.626293e-05
40.560000	5.578178e-05
40.610000	5.530532e-05
40.660000	5.483349e-05
40.710000	5.436626e-05
40.760000	5.390357e-05
40.810000	5.344537e-05
40.860000	5.299161e-05
40.910000	5.254225e-05
40.960000	5.209723e-05
41.010000	5.165651e-05
41.060000	5.122004e-05
41.110000	5.078778e-05
41.160000	5.035968e-05
41.210000	4.993569e-05
41.260000	4.951578e-05
41.310000	4.909989e-05
41.360000	4.868799e-05
41.410000	4.828003e-05
41.460000	4.787596e-05
41.510000	4.747576e-05
41.560000	4.707936e-05
41.610000	4.668675e-05
41.660000	4.629786e-05
41.710000	4.591268e-05
41.760000	4.553114e-05
41.810000	4.515323e-05
41.860000	4.477889e-05
41.910000	4.440809e-05
41.960000	4.404079e-05
42.010000	4.367696e-05
42.060000	4.331655e-05
42.110000	4.295954e-05
42.160000	4.260589e-05
42.210000	4.225555e-05
42.260000	4.190850e-05
42.310000	4.156470e-05
42.360000	4.122412e-05
42.410000	4.088672e-05
42.460000	4.055247e-05
42.510000	4.022134e-05
42.560000	3.989329e-05
42.610000	3.956830e-05
42.660000	3.924632e-05
42.710000	3.892733e-05
42.760000	3.861130e-05
42.810000	3.829820e-05
42.860000	3.798799e-05
42.910000	3.768065e-05
42.960000	3.737614e-05
43.010000	3.707444e-05
43.060000	3.677552e-05
43.110000	3.647935e-05
43.160000	3.618590e-05
43.210000	3.589514e-05
43.260000	3.560704e-05
43.310000	3.532159e-05
43.360000	3.503874e-05
43.410000	3.475848e-05
43.460000	3.448078e-05
43.510000	3.420560e-05
43.560000	3.393293e-05
43.610000	3.366274e-05
43.660000	3.339501e-05
43.710000	3.312970e-05
43.760000	3.286680e-05
43.810000	3.260627e-05
43.860000	3.234811e-05
43.910000	3.209227e-05
43.960000	3.183875e-05
44.010000	3.158750e-05
44.060000	3.133852e-05
44.110000	3.109178e-05
44.160000	3.084725e-05
44.210000	3.060492e-05
44.260000	3.036476e-05
44.310000	3.012675e-05
44.360000	2.989087e-05
44.410000	2.965709e-05
44.460000	2.942540e-05
44.510000	2.919578e-05
44.560000	2.896820e-05
44.610000	2.874264e-05
44.660000	2.851909e-05
44.710000	2.829752e-05
44.760000	2.807791e-05
44.810000	2.786025e-05
44.860000	2.764451e-05
44.910000	2.743068e-05
44.960000	2.721873e-05
45.010000	2.700866e-05
45.060000	2.680043e-05
45.110000	2.659403e-05
45.160000	2.638945e-05
45.210000	2.618667e-05
45.260000	2.598566e-05
45.310000	2.578641e-05
45.360000	2.558890e-05
45.410000	2.539312e-05
45.460000	2.519905e-05
45.510000	2.500667e-05
45.560000	2.481597e-05
45.610000	2.462692e-05
45.660000	2.443952e-05
45.710000	2.425375e-05
45.760000	2.406958e-05
45.810000	2.388702e-05
45.860000	2.370603e-05
45.910000	2.352660e-05
45.960000	2.334873e-05
46.010000	2.317239e-05
46.060000	2.299757e-05
46.110000	2.282425e-05
46.160000	2.265243e-05
46.210000	2.248208e-05
46.260000	2.231319e-05
46.310000	2.214575e-05
46.360000	2.197974e-05
46.410000	2.181515e-05
46.460000	2.165197e-05
46.510000	2.149018e-05
46.560000	2.132977e-05
46.610000	2.117073e-05
46.660000	2.101304e-05
46.710000	2.085669e-05
46.760000	2.070166e-05
46.810000	2.054795e-05
46.860000	2.039555e-05
46.910000	2.024443e-05
46.960000	2.009459e-05
47.010000	1.994602e-05
47.060000	1.979870e-05
47.110000	1.965262e-05
47.160000	1.950777e-05
47.210000	1.936413e-05
47.260000	1.922171e-05
47.310000	1.908048e-05
47.360000	1.894043e-05
47.410000	1.880156e-05
47.460000	1.866385e-05
47.510000	1.852729e-05
47.560000	1.839187e-05
47.610000	1.825758e-05
47.660000	1.812441e-05
47.710000	1.799234e-05
47.760000	1.786138e-05
47.810000	1.773150e-05
47.860000	1.760270e-05
47.910000	1.747496e-05
47.960000	1.734829e-05
48.010000	1.722266e-05
48.060000	1.709807e-05
48.110000	1.697451e-05
48.160000	1.685197e-05
48.210000	1.673043e-05
48.260000	1.660990e-05
48.310000	1.649036e-05
48.360000	1.637180e-05
48.410000	1.625421e-05
48.460000	1.613758e-05
48.510000	1.602191e-05
48.560000	1.590719e-05
48.610000	1.579340e-05
48.660000	1.568055e-05
48.710000	1.556861e-05
48.760000	1.545758e-05
48.810000	1.534746e-05
48.860000	1.523823e-05
48.910000	1.512989e-05
48.960000	1.502243e-05
49.010000	1.491584e-05
49.060000	1.481011e-05
49.110000	1.470524e-05
49.160000	1.460122e-05
49.210000	1.449803e-05
49.260000	1.439568e-05
49.310000	1.429415e-05
49.360000	1.419344e-05
49.410000	1.409354e-05
49.460000	1.399444e-05
49.510000	1.389613e-05
49.560000	1.379862e-05
49.610000	1.370188e-05
49.660000	1.360592e-05
49.710000	1.351073e-05
49.760000	1.341629e-05
49.810000	1.332261e-05
49.860000	1.322967e-05
49.910000	1.313748e-05
49.960000	1.304602e-05
50.010000	1.295528e-05
