0.010000	-1.000000e+00
0.060000	-1.000000e+00
0.110000	-1.000000e+00
0.160000	-1.000000e+00
0.210000	-1.000000e+00
0.260000	-1.000000e+00
0.310000	-1.000000e+00
0.360000	-1.000000e+00
0.410000	-1.000000e+00
0.460000	-1.000000e+00
0.510000	-1.000000e+00
0.560000	-1.000000e+00
0.610000	-1.000000e+00
0.660000	-1.000000e+00
0.710000	-1.000000e+00
0.760000	-1.000000e+00
0.810000	-1.000000e+00
0.860000	-1.000000e+00
0.910000	-1.000000e+00
0.960000	-1.000000e+00
1.010000	-1.000000e+00
1.060000	-1.000000e+00
1.110000	-1.000000e+00
1.160000	-1.000000e+00
1.210000	-1.000000e+00
1.260000	-1.000000e+00
1.310000	-1.000000e+00
1.360000	-1.000000e+00
1.410000	-1.000000e+00
1.460000	-9.999999e-01
1.510000	-9.999999e-01
1.560000	-9.999998e-01
1.610000	-9.999997e-01
1.660000	-9.999995e-01
1.710000	-9.999992e-01
1.760000	-9.999988e-01
1.810000	-9.999982e-01
1.860000	-9.999974e-01
1.910000	-9.999962e-01
1.960000	-9.999947e-01
2.010000	-9.999928e-01
2.060000	-9.999902e-01
2.110000	-9.999869e-01
2.160000	-9.999827e-01
2.210000	-9.999775e-01
2.260000	-9.999711e-01
2.310000	-9.999632e-01
2.360000	-9.999536e-01
2.410000	-9.999421e-01
2.460000	-9.999284e-01
2.510000	-9.999122e-01
2.560000	-9.998932e-01
2.610000	-9.998711e-01
2.660000	-9.998455e-01
2.710000	-9.998155e-01
2.760000	-9.997816e-01
2.810000	-9.997430e-01
2.860000	-9.996993e-01
2.910000	-9.996500e-01
2.960000	-9.995946e-01
3.010000	-9.995328e-01
3.060000	-9.994640e-01
3.110000	-9.993877e-01
3.160000	-9.993035e-01
3.210000	-9.992108e-01
3.260000	-9.991090e-01
3.310000	-9.989978e-01
3.360000	-9.988765e-01
3.410000	-9.987446e-01
3.460000	-9.986015e-01
3.510000	-9.984468e-01
3.560000	-9.982798e-01
3.610000	-9.981001e-01
3.660000	-9.979071e-01
3.710000	-9.977002e-01
3.760000	-9.974789e-01
3.810000	-9.972426e-01
3.860000	-9.969908e-01
3.910000	-9.967230e-01
3.960000	-9.964385e-01
4.010000	-9.961370e-01
4.060000	-9.958178e-01
4.110000	-9.954803e-01
4.160000	-9.951163e-01
4.210000	-9.947392e-01
4.260000	-9.943421e-01
4.310000	-9.939243e-01
4.360000	-9.934854e-01
4.410000	-9.930247e-01
4.460000	-9.925417e-01
4.510000	-9.920358e-01
4.560000	-9.915066e-01
4.610000	-9.909533e-01
4.660000	-9.903756e-01
4.710000	-9.897727e-01
4.760000	-9.891442e-01
4.810000	-9.884896e-01
4.860000	-9.878082e-01
4.910000	-9.870994e-01
4.960000	-9.863628e-01
5.010000	-9.855978e-01
5.060000	-9.848038e-01
5.110000	-9.839802e-01
5.160000	-9.831057e-01
5.210000	-9.822177e-01
5.260000	-9.812978e-01
5.310000	-9.803455e-01
5.360000	-9.793602e-01
5.410000	-9.783412e-01
5.460000	-9.772878e-01
5.510000	-9.761993e-01
5.560000	-9.750752e-01
5.610000	-9.739147e-01
5.660000	-9.727171e-01
5.710000	-9.714817e-01
5.760000	-9.702079e-01
5.810000	-9.688950e-01
5.860000	-9.675421e-01
5.910000	-9.661131e-01
5.960000	-9.646723e-01
6.010000	-9.631885e-01
6.060000	-9.616609e-01
6.110000	-9.600885e-01
6.160000	-9.584705e-01
6.210000	-9.568060e-01
6.260000	-9.550941e-01
6.310000	-9.533336e-01
6.360000	-9.515238e-01
6.410000	-9.496636e-01
6.460000	-9.477520e-01
6.510000	-9.457344e-01
6.560000	-9.437080e-01
6.610000	-9.416257e-01
6.660000	-9.394863e-01
6.710000	-9.372885e-01
6.760000	-9.350310e-01
6.810000	-9.327125e-01
6.860000	-9.303314e-01
6.910000	-9.278865e-01
6.960000	-9.253091e-01
7.010000	-9.227207e-01
7.060000	-9.200622e-01
7.110000	-9.173319e-01
7.160000	-9.145279e-01
7.210000	-9.116484e-01
7.260000	-9.086914e-01
7.310000	-9.055779e-01
7.360000	-9.024463e-01
7.410000	-8.992289e-01
7.460000	-8.959232e-01
7.510000	-8.925268e-01
7.560000	-8.890370e-01
7.610000	-8.853614e-01
7.660000	-8.816602e-01
7.710000	-8.778545e-01
7.760000	-8.739410e-01
7.810000	-8.698307e-01
7.860000	-8.656746e-01
7.910000	-8.613970e-01
7.960000	-8.569937e-01
8.010000	-8.524604e-01
8.060000	-8.476820e-01
8.110000	-8.428524e-01
8.160000	-8.378743e-01
8.210000	-8.326333e-01
8.260000	-8.273180e-01
8.310000	-8.218321e-01
8.360000	-8.160519e-01
8.410000	-8.101773e-01
8.460000	-8.039956e-01
8.510000	-7.976905e-01
8.560000	-7.911637e-01
8.610000	-7.842703e-01
8.660000	-7.772355e-01
8.710000	-7.697973e-01
8.760000	-7.620663e-01
8.810000	-7.541282e-01
8.860000	-7.457271e-01
8.910000	-7.369569e-01
8.960000	-7.279125e-01
9.010000	-7.183029e-01
9.060000	-7.082206e-01
9.110000	-6.976213e-01
9.160000	-6.863165e-01
9.210000	-6.745133e-01
9.260000	-6.620157e-01
9.310000	-6.485918e-01
9.360000	-6.342851e-01
9.410000	-6.189730e-01
9.460000	-6.025110e-01
9.510000	-5.845571e-01
9.560000	-5.648720e-01
9.610000	-5.432993e-01
9.660000	-5.192695e-01
9.710000	-4.920432e-01
9.760000	-4.607869e-01
9.810000	-4.239013e-01
9.860000	-3.789661e-01
9.910000	-3.206702e-01
9.960000	-2.372918e-01
10.010000	-9.928427e-02
10.060000	-2.848483e-02
10.110000	-1.555408e-02
10.160000	-1.074875e-02
10.210000	-8.182005e-03
10.260000	-6.648012e-03
10.310000	-5.497846e-03
10.360000	-4.663483e-03
10.410000	-4.157219e-03
10.460000	-3.621310e-03
10.510000	-3.263445e-03
10.560000	-3.000466e-03
10.610000	-2.775303e-03
10.660000	-2.546453e-03
10.710000	-2.285426e-03
10.760000	-2.128831e-03
10.810000	-2.058035e-03
10.860000	-1.901282e-03
10.910000	-1.806022e-03
10.960000	-1.763837e-03
11.010000	-1.608543e-03
11.060000	-1.494370e-03
11.110000	-1.414216e-03
11.160000	-1.363271e-03
11.210000	-1.338538e-03
11.260000	-1.338539e-03
11.310000	-1.205279e-03
11.360000	-1.244444e-03
11.410000	-1.146659e-03
11.460000	-1.066385e-03
11.510000	-1.000923e-03
11.560000	-1.096067e-03
11.610000	-1.052364e-03
11.660000	-1.019637e-03
11.710000	-9.969178e-04
11.760000	-8.363371e-04
11.810000	-8.290208e-04
11.860000	-8.291552e-04
11.910000	-8.367069e-04
11.960000	-8.518411e-04
12.010000	-7.284990e-04
12.060000	-7.517031e-04
12.110000	-7.824555e-04
12.160000	-6.756399e-04
12.210000	-7.126532e-04
12.260000	-7.582005e-04
12.310000	-6.609289e-04
12.360000	-7.124028e-04
12.410000	-6.240427e-04
12.460000	-6.813935e-04
12.510000	-5.997644e-04
12.560000	-6.633225e-04
12.610000	-5.866470e-04
12.660000	-5.190331e-04
12.710000	-5.838822e-04
12.760000	-5.190174e-04
12.810000	-5.912187e-04
12.860000	-5.279805e-04
12.910000	-4.716739e-04
12.960000	-5.462926e-04
13.010000	-4.902646e-04
13.060000	-4.401330e-04
13.110000	-5.181887e-04
13.160000	-4.672944e-04
13.210000	-4.215361e-04
13.260000	-5.043871e-04
13.310000	-4.570098e-04
13.360000	-4.142115e-04
13.410000	-5.035960e-04
13.460000	-4.584210e-04
13.510000	-4.174218e-04
13.560000	-3.802015e-04
13.610000	-4.714531e-04
13.660000	-4.312460e-04
13.710000	-3.945782e-04
13.760000	-3.611288e-04
13.810000	-3.306069e-04
13.860000	-4.196096e-04
13.910000	-3.857445e-04
13.960000	-3.547056e-04
14.010000	-3.262497e-04
14.060000	-4.220178e-04
14.110000	-3.897453e-04
14.160000	-3.600296e-04
14.210000	-3.326613e-04
14.260000	-3.074487e-04
14.310000	-2.842165e-04
14.360000	-3.773860e-04
14.410000	-3.502537e-04
14.460000	-3.251467e-04
14.510000	-3.019084e-04
14.560000	-2.803947e-04
14.610000	-2.604732e-04
14.660000	-3.548037e-04
14.710000	-3.308687e-04
14.760000	-3.086139e-04
14.810000	-2.879169e-04
14.860000	-2.686646e-04
14.910000	-2.507521e-04
14.960000	-2.340829e-04
15.010000	-3.280693e-04
15.060000	-3.074080e-04
15.110000	-2.881041e-04
15.160000	-2.700649e-04
15.210000	-2.532041e-04
15.260000	-2.374417e-04
15.310000	-2.227033e-04
15.360000	-3.209005e-04
15.410000	-3.020764e-04
15.460000	-2.844073e-04
15.510000	-2.678193e-04
15.560000	-2.522435e-04
15.610000	-2.376154e-04
15.660000	-2.238749e-04
15.710000	-2.109658e-04
15.760000	-1.988356e-04
15.810000	-2.963352e-04
15.860000	-2.802764e-04
15.910000	-2.651306e-04
15.960000	-2.508436e-04
16.010000	-2.373645e-04
16.060000	-2.246454e-04
16.110000	-2.126415e-04
16.160000	-2.013108e-04
16.210000	-1.906138e-04
16.260000	-1.805134e-04
16.310000	-1.709747e-04
16.360000	-2.649751e-04
16.410000	-2.518181e-04
16.460000	-2.393488e-04
16.510000	-2.275296e-04
16.560000	-2.163249e-04
16.610000	-2.057012e-04
16.660000	-1.956268e-04
16.710000	-1.860720e-04
16.760000	-1.770086e-04
16.810000	-1.684101e-04
16.860000	-1.602516e-04
16.910000	-1.525093e-04
16.960000	-2.461929e-04
17.010000	-2.350536e-04
17.060000	-2.244468e-04
17.110000	-2.143459e-04
17.160000	-2.047253e-04
17.210000	-1.955610e-04
17.260000	-1.868303e-04
17.310000	-1.785116e-04
17.360000	-1.705844e-04
17.410000	-1.630293e-04
17.460000	-1.558278e-04
17.510000	-1.489627e-04
17.560000	-1.424172e-04
17.610000	-1.361759e-04
17.660000	-1.302237e-04
17.710000	-2.205719e-04
17.760000	-2.115768e-04
17.810000	-2.029709e-04
17.860000	-1.947365e-04
17.910000	-1.868566e-04
17.960000	-1.793152e-04
18.010000	-1.720967e-04
18.060000	-1.651867e-04
18.110000	-1.585712e-04
18.160000	-1.522369e-04
18.210000	-1.461712e-04
18.260000	-1.403620e-04
18.310000	-1.347979e-04
18.360000	-1.294680e-04
18.410000	-1.243617e-04
18.460000	-1.194694e-04
18.510000	-1.147813e-04
18.560000	-1.102886e-04
18.610000	-1.972335e-04
18.660000	-1.900615e-04
18.710000	-1.831675e-04
18.760000	-1.765402e-04
18.810000	-1.701686e-04
18.860000	-1.640422e-04
18.910000	-1.581510e-04
18.960000	-1.524854e-04
19.010000	-1.470363e-04
19.060000	-1.417948e-04
19.110000	-1.367527e-04
19.160000	-1.319017e-04
19.210000	-1.272343e-04
19.260000	-1.227431e-04
19.310000	-1.184209e-04
19.360000	-1.142611e-04
19.410000	-1.102572e-04
19.460000	-1.064030e-04
19.510000	-1.026924e-04
19.560000	-9.911993e-05
19.610000	-9.568002e-05
19.660000	-9.236748e-05
19.710000	-1.757684e-04
19.760000	-1.701428e-04
19.810000	-1.647102e-04
19.860000	-1.594635e-04
19.910000	-1.543961e-04
19.960000	-1.495013e-04
20.010000	-1.447729e-04
20.060000	-1.402049e-04
20.110000	-1.357914e-04
20.160000	-1.315268e-04
20.210000	-1.274059e-04
20.260000	-1.234235e-04
20.310000	-1.195745e-04
20.360000	-1.158543e-04
20.410000	-1.122582e-04
20.460000	-1.087818e-04
20.510000	-1.054208e-04
20.560000	-1.021713e-04
20.610000	-9.902914e-05
20.660000	-9.599065e-05
20.710000	-9.305215e-05
20.760000	-9.021014e-05
20.810000	-8.746123e-05
20.860000	-8.480218e-05
20.910000	-8.222984e-05
20.960000	-7.974120e-05
21.010000	-7.733335e-05
21.060000	-7.500350e-05
21.110000	-1.535730e-04
21.160000	-1.493200e-04
21.210000	-1.451940e-04
21.260000	-1.411911e-04
21.310000	-1.373072e-04
21.360000	-1.335386e-04
21.410000	-1.298816e-04
21.460000	-1.263326e-04
21.510000	-1.228883e-04
21.560000	-1.195453e-04
21.610000	-1.163005e-04
21.660000	-1.131507e-04
21.710000	-1.100929e-04
21.760000	-1.071244e-04
21.810000	-1.042422e-04
21.860000	-1.014437e-04
21.910000	-9.872625e-05
21.960000	-9.608738e-05
22.010000	-9.352464e-05
22.060000	-9.103567e-05
22.110000	-8.861819e-05
22.160000	-8.627000e-05
22.210000	-8.398897e-05
22.260000	-8.177303e-05
22.310000	-7.962020e-05
22.360000	-7.752855e-05
22.410000	-7.549621e-05
22.460000	-7.352137e-05
22.510000	-7.160230e-05
22.560000	-6.973730e-05
22.610000	-6.792473e-05
22.660000	-6.616303e-05
22.710000	-6.445064e-05
22.760000	-6.278610e-05
22.810000	-6.116797e-05
22.860000	-5.959486e-05
22.910000	-1.330279e-04
22.960000	-1.299039e-04
23.010000	-1.268597e-04
23.060000	-1.238930e-04
23.110000	-1.210018e-04
23.160000	-1.181838e-04
23.210000	-1.154372e-04
23.260000	-1.127600e-04
23.310000	-1.101503e-04
23.360000	-1.076062e-04
23.410000	-1.051260e-04
23.460000	-1.027080e-04
23.510000	-1.003504e-04
23.560000	-9.805162e-05
23.610000	-9.581010e-05
23.660000	-9.362429e-05
23.710000	-9.149269e-05
23.760000	-8.941386e-05
23.810000	-8.738637e-05
23.860000	-8.540887e-05
23.910000	-8.348002e-05
23.960000	-8.159852e-05
24.010000	-7.976314e-05
24.060000	-7.797264e-05
24.110000	-7.622584e-05
24.160000	-7.452158e-05
24.210000	-7.285876e-05
24.260000	-7.123628e-05
24.310000	-6.965309e-05
24.360000	-6.810815e-05
24.410000	-6.660048e-05
24.460000	-6.512909e-05
24.510000	-6.369305e-05
24.560000	-6.229145e-05
24.610000	-6.092338e-05
24.660000	-5.958799e-05
24.710000	-5.828442e-05
24.760000	-5.701187e-05
24.810000	-5.576953e-05
24.860000	-5.455663e-05
24.910000	-5.337242e-05
24.960000	-5.221616e-05
25.010000	-5.108714e-05
25.060000	-4.998468e-05
25.110000	-4.890808e-05
25.160000	-4.785670e-05
25.210000	-4.682991e-05
25.260000	-4.582707e-05
25.310000	-4.484759e-05
25.360000	-1.113073e-04
25.410000	-1.091521e-04
25.460000	-1.070428e-04
25.510000	-1.049781e-04
25.560000	-1.029570e-04
25.610000	-1.009787e-04
25.660000	-9.904199e-05
25.710000	-9.714604e-05
25.760000	-9.528988e-05
25.810000	-9.347262e-05
25.860000	-9.169336e-05
25.910000	-8.995124e-05
25.960000	-8.824541e-05
26.010000	-8.657506e-05
26.060000	-8.493938e-05
26.110000	-8.333759e-05
26.160000	-8.176893e-05
26.210000	-8.023264e-05
26.260000	-7.872801e-05
26.310000	-7.725433e-05
26.360000	-7.581090e-05
26.410000	-7.439704e-05
26.460000	-7.301210e-05
26.510000	-7.165544e-05
26.560000	-7.032643e-05
26.610000	-6.902445e-05
26.660000	-6.774890e-05
26.710000	-6.649921e-05
26.760000	-6.527480e-05
26.810000	-6.407512e-05
26.860000	-6.289962e-05
26.910000	-6.174777e-05
26.960000	-6.061906e-05
27.010000	-5.951298e-05
27.060000	-5.842903e-05
27.110000	-5.736674e-05
27.160000	-5.632564e-05
27.210000	-5.530526e-05
27.260000	-5.430515e-05
27.310000	-5.332489e-05
27.360000	-5.236403e-05
27.410000	-5.142216e-05
27.460000	-5.049888e-05
27.510000	-4.959378e-05
27.560000	-4.870648e-05
27.610000	-4.783659e-05
27.660000	-4.698375e-05
27.710000	-4.614758e-05
27.760000	-4.532774e-05
27.810000	-4.452387e-05
27.860000	-4.373565e-05
27.910000	-4.296273e-05
27.960000	-4.220480e-05
28.010000	-4.146153e-05
28.060000	-4.073263e-05
28.110000	-4.001779e-05
28.160000	-3.931670e-05
28.210000	-3.862910e-05
28.260000	-3.795468e-05
28.310000	-3.729318e-05
28.360000	-3.664433e-05
28.410000	-3.600787e-05
28.460000	-3.538354e-05
28.510000	-3.477108e-05
28.560000	-3.417025e-05
28.610000	-3.358081e-05
28.660000	-3.300253e-05
28.710000	-3.243518e-05
28.760000	-9.168264e-05
28.810000	-9.026851e-05
28.860000	-8.887855e-05
28.910000	-8.751230e-05
28.960000	-8.616933e-05
29.010000	-8.484920e-05
29.060000	-8.355147e-05
29.110000	-8.227574e-05
29.160000	-8.102160e-05
29.210000	-7.978864e-05
29.260000	-7.857647e-05
29.310000	-7.738470e-05
29.360000	-7.621297e-05
29.410000	-7.506090e-05
29.460000	-7.392813e-05
29.510000	-7.281430e-05
29.560000	-7.171907e-05
29.610000	-7.064210e-05
29.660000	-6.958305e-05
29.710000	-6.854159e-05
29.760000	-6.751741e-05
29.810000	-6.651019e-05
29.860000	-6.551962e-05
29.910000	-6.454541e-05
29.960000	-6.358724e-05
30.010000	-6.264484e-05
30.060000	-6.171792e-05
30.110000	-6.080620e-05
30.160000	-5.990940e-05
30.210000	-5.902727e-05
30.260000	-5.815953e-05
30.310000	-5.730593e-05
30.360000	-5.646621e-05
30.410000	-5.564014e-05
30.460000	-5.482745e-05
30.510000	-5.402792e-05
30.560000	-5.324132e-05
30.610000	-5.246741e-05
30.660000	-5.170597e-05
30.710000	-5.095677e-05
30.760000	-5.021961e-05
30.810000	-4.949427e-05
30.860000	-4.878054e-05
30.910000	-4.807822e-05
30.960000	-4.738711e-05
31.010000	-4.670700e-05
31.060000	-4.603772e-05
31.110000	-4.537907e-05
31.160000	-4.473086e-05
31.210000	-4.409292e-05
31.260000	-4.346506e-05
31.310000	-4.284712e-05
31.360000	-4.223891e-05
31.410000	-4.164027e-05
31.460000	-4.105103e-05
31.510000	-4.047104e-05
31.560000	-3.990013e-05
31.610000	-3.933815e-05
31.660000	-3.878495e-05
31.710000	-3.824037e-05
31.760000	-3.770426e-05
31.810000	-3.717649e-05
31.860000	-3.665690e-05
31.910000	-3.614537e-05
31.960000	-3.564175e-05
32.010000	-3.514591e-05
32.060000	-3.465771e-05
32.110000	-3.417704e-05
32.160000	-3.370375e-05
32.210000	-3.323773e-05
32.260000	-3.277885e-05
32.310000	-3.232700e-05
32.360000	-3.188205e-05
32.410000	-3.144389e-05
32.460000	-3.101241e-05
32.510000	-3.058749e-05
32.560000	-3.016903e-05
32.610000	-2.975691e-05
32.660000	-2.935103e-05
32.710000	-2.895130e-05
32.760000	-2.855759e-05
32.810000	-2.816983e-05
32.860000	-2.778790e-05
32.910000	-2.741171e-05
32.960000	-2.704117e-05
33.010000	-2.667618e-05
33.060000	-2.631665e-05
33.110000	-2.596250e-05
33.160000	-2.561363e-05
33.210000	-2.526996e-05
33.260000	-2.493140e-05
33.310000	-2.459787e-05
33.360000	-2.426928e-05
33.410000	-2.394557e-05
33.460000	-2.362664e-05
33.510000	-2.331242e-05
33.560000	-2.300283e-05
33.610000	-2.269781e-05
33.660000	-2.239726e-05
33.710000	-2.210113e-05
33.760000	-2.180934e-05
33.810000	-2.152183e-05
33.860000	-7.191360e-05
33.910000	-7.107310e-05
33.960000	-7.024362e-05
34.010000	-6.942501e-05
34.060000	-6.861711e-05
34.110000	-6.781976e-05
34.160000	-6.703281e-05
34.210000	-6.625611e-05
34.260000	-6.548952e-05
34.310000	-6.473288e-05
34.360000	-6.398605e-05
34.410000	-6.324890e-05
34.460000	-6.252128e-05
34.510000	-6.180306e-05
34.560000	-6.109410e-05
34.610000	-6.039426e-05
34.660000	-5.970343e-05
34.710000	-5.902147e-05
34.760000	-5.834825e-05
34.810000	-5.768366e-05
34.860000	-5.702756e-05
34.910000	-5.637984e-05
34.960000	-5.574038e-05
35.010000	-5.510906e-05
35.060000	-5.448576e-05
35.110000	-5.387039e-05
35.160000	-5.326281e-05
35.210000	-5.266293e-05
35.260000	-5.207063e-05
35.310000	-5.148581e-05
35.360000	-5.090836e-05
35.410000	-5.033819e-05
35.460000	-4.977519e-05
35.510000	-4.921925e-05
35.560000	-4.867029e-05
35.610000	-4.812820e-05
35.660000	-4.759288e-05
35.710000	-4.706426e-05
35.760000	-4.654222e-05
35.810000	-4.602669e-05
35.860000	-4.551757e-05
35.910000	-4.501477e-05
35.960000	-4.451820e-05
36.010000	-4.402779e-05
36.060000	-4.354344e-05
36.110000	-4.306507e-05
36.160000	-4.259261e-05
36.210000	-4.212596e-05
36.260000	-4.166505e-05
36.310000	-4.120981e-05
36.360000	-4.076015e-05
36.410000	-4.031600e-05
36.460000	-3.987728e-05
36.510000	-3.944393e-05
36.560000	-3.901586e-05
36.610000	-3.859301e-05
36.660000	-3.817530e-05
36.710000	-3.776267e-05
36.760000	-3.735505e-05
36.810000	-3.695237e-05
36.860000	-3.655456e-05
36.910000	-3.616156e-05
36.960000	-3.577330e-05
37.010000	-3.538973e-05
37.060000	-3.501077e-05
37.110000	-3.463637e-05
37.160000	-3.426647e-05
37.210000	-3.390100e-05
37.260000	-3.353990e-05
37.310000	-3.318313e-05
37.360000	-3.283062e-05
37.410000	-3.248231e-05
37.460000	-3.213815e-05
37.510000	-3.179809e-05
37.560000	-3.146207e-05
37.610000	-3.113003e-05
37.660000	-3.080193e-05
37.710000	-3.047771e-05
37.760000	-3.015733e-05
37.810000	-2.984073e-05
37.860000	-2.952785e-05
37.910000	-2.921867e-05
37.960000	-2.891311e-05
38.010000	-2.861115e-05
38.060000	-2.831273e-05
38.110000	-2.801780e-05
38.160000	-2.772632e-05
38.210000	-2.743825e-05
38.260000	-2.715354e-05
38.310000	-2.687215e-05
38.360000	-2.659403e-05
38.410000	-2.631914e-05
38.460000	-2.604744e-05
38.510000	-2.577890e-05
38.560000	-2.551346e-05
38.610000	-2.525109e-05
38.660000	-2.499175e-05
38.710000	-2.473541e-05
38.760000	-2.448201e-05
38.810000	-2.423153e-05
38.860000	-2.398393e-05
38.910000	-2.373917e-05
38.960000	-2.349722e-05
39.010000	-2.325803e-05
39.060000	-2.302158e-05
39.110000	-2.278783e-05
39.160000	-2.255674e-05
39.210000	-2.232829e-05
39.260000	-2.210243e-05
39.310000	-2.187914e-05
39.360000	-2.165838e-05
39.410000	-2.144013e-05
39.460000	-2.122434e-05
39.510000	-2.101100e-05
39.560000	-2.080006e-05
39.610000	-2.059150e-05
39.660000	-2.038529e-05
39.710000	-2.018139e-05
39.760000	-1.997979e-05
39.810000	-1.978045e-05
39.860000	-1.958335e-05
39.910000	-1.938845e-05
39.960000	-1.919572e-05
40.010000	-1.900515e-05
40.060000	-1.881671e-05
40.110000	-1.863036e-05
40.160000	-1.844609e-05
40.210000	-1.826386e-05
40.260000	-1.808365e-05
40.310000	-1.790544e-05
40.360000	-1.772921e-05
40.410000	-1.755492e-05
40.460000	-1.738255e-05
40.510000	-1.721209e-05
40.560000	-1.704351e-05
40.610000	-1.687677e-05
40.660000	-1.671188e-05
40.710000	-1.654879e-05
40.760000	-1.638748e-05
40.810000	-1.622795e-05
40.860000	-1.607016e-05
40.910000	-1.591409e-05
40.960000	-1.575972e-05
41.010000	-1.560704e-05
41.060000	-1.545601e-05
41.110000	-1.530663e-05
41.160000	-1.515887e-05
41.210000	-1.501271e-05
41.260000	-1.486814e-05
41.310000	-1.472513e-05
41.360000	-1.458366e-05
41.410000	-1.444372e-05
41.460000	-1.430529e-05
41.510000	-1.416835e-05
41.560000	-1.403288e-05
41.610000	-1.389886e-05
41.660000	-1.376629e-05
41.710000	-1.363513e-05
41.760000	-1.350538e-05
41.810000	-1.337701e-05
41.860000	-1.325002e-05
41.910000	-1.312438e-05
41.960000	-1.300007e-05
42.010000	-1.287709e-05
42.060000	-5.364929e-05
42.110000	-5.320613e-05
42.160000	-5.276716e-05
42.210000	-5.233231e-05
42.260000	-5.190155e-05
42.310000	-5.147484e-05
42.360000	-5.105213e-05
42.410000	-5.063339e-05
42.460000	-5.021856e-05
42.510000	-4.980760e-05
42.560000	-4.940049e-05
42.610000	-4.899717e-05
42.660000	-4.859761e-05
42.710000	-4.820177e-05
42.760000	-4.780960e-05
42.810000	-4.742108e-05
42.860000	-4.703616e-05
42.910000	-4.665480e-05
42.960000	-4.627697e-05
43.010000	-4.590263e-05
43.060000	-4.553175e-05
43.110000	-4.516429e-05
43.160000	-4.480021e-05
43.210000	-4.443948e-05
43.260000	-4.408206e-05
43.310000	-4.372792e-05
43.360000	-4.337703e-05
43.410000	-4.302935e-05
43.460000	-4.268486e-05
43.510000	-4.234350e-05
43.560000	-4.200527e-05
43.610000	-4.167012e-05
43.660000	-4.133801e-05
43.710000	-4.100893e-05
43.760000	-4.068284e-05
43.810000	-4.035970e-05
43.860000	-4.003950e-05
43.910000	-3.972219e-05
43.960000	-3.940775e-05
44.010000	-3.909616e-05
44.060000	-3.878737e-05
44.110000	-3.848137e-05
44.160000	-3.817812e-05
44.210000	-3.787760e-05
44.260000	-3.757978e-05
44.310000	-3.728463e-05
44.360000	-3.699212e-05
44.410000	-3.670223e-05
44.460000	-3.641494e-05
44.510000	-3.613021e-05
44.560000	-3.584802e-05
44.610000	-3.556835e-05
44.660000	-3.529117e-05
44.710000	-3.501645e-05
44.760000	-3.474417e-05
44.810000	-3.447431e-05
44.860000	-3.420684e-05
44.910000	-3.394174e-05
44.960000	-3.367898e-05
45.010000	-3.341854e-05
45.060000	-3.316040e-05
45.110000	-3.290454e-05
45.160000	-3.265093e-05
45.210000	-3.239955e-05
45.260000	-3.215038e-05
45.310000	-3.190339e-05
45.360000	-3.165858e-05
45.410000	-3.141590e-05
45.460000	-3.117535e-05
45.510000	-3.093690e-05
45.560000	-3.070053e-05
45.610000	-3.046622e-05
45.660000	-3.023395e-05
45.710000	-3.000370e-05
45.760000	-2.977546e-05
45.810000	-2.954919e-05
45.860000	-2.932489e-05
45.910000	-2.910253e-05
45.960000	-2.888209e-05
46.010000	-2.866356e-05
46.060000	-2.844692e-05
46.110000	-2.823215e-05
46.160000	-2.801922e-05
46.210000	-2.780813e-05
46.260000	-2.759885e-05
46.310000	-2.739137e-05
46.360000	-2.718567e-05
46.410000	-2.698174e-05
46.460000	-2.677955e-05
46.510000	-2.657909e-05
46.560000	-2.638034e-05
46.610000	-2.618328e-05
46.660000	-2.598791e-05
46.710000	-2.579420e-05
46.760000	-2.560214e-05
46.810000	-2.541171e-05
46.860000	-2.522289e-05
46.910000	-2.503568e-05
46.960000	-2.485006e-05
47.010000	-2.466600e-05
47.060000	-2.448350e-05
47.110000	-2.430254e-05
47.160000	-2.412311e-05
47.210000	-2.394519e-05
47.260000	-2.376876e-05
47.310000	-2.359382e-05
47.360000	-2.342035e-05
47.410000	-2.324834e-05
47.460000	-2.307777e-05
47.510000	-2.290862e-05
47.560000	-2.274089e-05
47.610000	-2.257456e-05
47.660000	-2.240962e-05
47.710000	-2.224606e-05
47.760000	-2.208386e-05
47.810000	-2.192300e-05
47.860000	-2.176349e-05
47.910000	-2.160530e-05
47.960000	-2.144842e-05
48.010000	-2.129284e-05
48.060000	-2.113855e-05
48.110000	-2.098554e-05
48.160000	-2.083379e-05
48.210000	-2.068329e-05
48.260000	-2.053403e-05
48.310000	-2.038600e-05
48.360000	-2.023919e-05
48.410000	-2.009359e-05
48.460000	-1.994918e-05
48.510000	-1.980596e-05
48.560000	-1.966391e-05
48.610000	-1.952302e-05
48.660000	-1.938329e-05
48.710000	-1.924470e-05
48.760000	-1.910723e-05
48.810000	-1.897089e-05
48.860000	-1.883566e-05
48.910000	-1.870153e-05
48.960000	-1.856849e-05
49.010000	-1.843653e-05
49.060000	-1.830564e-05
49.110000	-1.817581e-05
49.160000	-1.804703e-05
49.210000	-1.791929e-05
49.260000	-1.779258e-05
49.310000	-1.766690e-05
49.360000	-1.754223e-05
49.410000	-1.741856e-05
49.460000	-1.729589e-05
49.510000	-1.717421e-05
49.560000	-1.705350e-05
49.610000	-1.693376e-05
49.660000	-1.681498e-05
49.710000	-1.669715e-05
49.760000	-1.658027e-05
49.810000	-1.646431e-05
49.860000	-1.634929e-05
49.910000	-1.623518e-05
49.960000	-1.612198e-05
50.010000	-1.600968e-05
