0.010000	2.010008e+00
0.060000	2.370930e+00
0.110000	3.337035e+00
0.160000	5.154924e+00
0.210000	8.288615e+00
0.260000	1.353799e+01
0.310000	2.224295e+01
0.360000	3.662547e+01
0.410000	6.035669e+01
0.460000	9.949405e+01
0.510000	1.640274e+02
0.560000	2.704291e+02
0.610000	4.458581e+02
0.660000	7.350932e+02
0.710000	1.211962e+03
0.760000	1.998186e+03
0.810000	3.294450e+03
0.860000	5.431627e+03
0.910000	8.955236e+03
0.960000	1.476468e+04
1.010000	2.434284e+04
1.060000	4.013454e+04
1.110000	6.617063e+04
1.160000	1.090968e+05
1.210000	1.798701e+05
1.260000	2.965550e+05
1.310000	4.889350e+05
1.360000	8.061132e+05
1.410000	1.329044e+06
1.460000	2.191194e+06
1.510000	3.612592e+06
1.560000	5.955971e+06
1.610000	9.819288e+06
1.660000	1.618822e+07
1.710000	2.668743e+07
1.760000	4.399467e+07
1.810000	7.252285e+07
1.860000	1.195436e+08
1.910000	1.970374e+08
1.960000	3.247400e+08
2.010000	5.351555e+08
2.060000	8.818063e+08
2.110000	1.452800e+09
2.160000	2.393121e+09
2.210000	3.941331e+09
2.260000	6.489719e+09
2.310000	1.068316e+10
2.360000	1.758127e+10
2.410000	2.892417e+10
2.460000	4.756800e+10
2.510000	7.819776e+10
2.560000	1.284932e+11
2.610000	2.110337e+11
2.660000	3.464086e+11
2.710000	5.682877e+11
2.760000	9.316819e+11
2.810000	1.526381e+12
2.860000	2.498785e+12
2.910000	4.087333e+12
2.960000	6.679895e+12
3.010000	1.090663e+13
3.060000	1.778994e+13
3.110000	2.898630e+13
3.160000	4.717543e+13
3.210000	7.668558e+13
3.260000	1.244961e+14
3.310000	2.018414e+14
3.360000	3.267727e+14
3.410000	5.281212e+14
3.460000	8.523293e+14
3.510000	1.373276e+15
3.560000	2.208770e+15
3.610000	3.546091e+15
3.660000	5.682251e+15
3.710000	9.087111e+15
3.760000	1.450206e+16
3.810000	2.309377e+16
3.860000	3.669305e+16
3.910000	5.816460e+16
3.960000	9.197745e+16
4.010000	1.450818e+17
4.060000	2.282521e+17
4.110000	3.581354e+17
4.160000	5.603647e+17
4.210000	8.742699e+17
4.260000	1.359976e+18
4.310000	2.109052e+18
4.360000	3.257622e+18
4.410000	5.018762e+18
4.460000	7.705942e+18
4.510000	1.179084e+19
4.560000	1.797669e+19
4.610000	2.730716e+19
4.660000	4.132381e+19
4.710000	6.229255e+19
4.760000	9.352730e+19
4.810000	1.398497e+20
4.860000	2.082376e+20
4.910000	3.087342e+20
4.960000	4.557132e+20
5.010000	6.696264e+20
5.060000	9.779045e+20
5.110000	1.423103e+21
5.160000	2.060849e+21
5.210000	2.969443e+21
5.260000	4.256678e+21
5.310000	6.069902e+21
5.360000	8.609040e+21
5.410000	1.214330e+22
5.460000	1.703234e+22
5.510000	2.375268e+22
5.560000	3.293043e+22
5.610000	4.538093e+22
5.660000	6.200185e+22
5.710000	8.435332e+22
5.760000	1.140231e+23
5.810000	1.531142e+23
5.860000	2.042251e+23
5.910000	2.705274e+23
5.960000	3.558436e+23
6.010000	4.647177e+23
6.060000	6.024724e+23
6.110000	7.752435e+23
6.160000	9.864059e+23
6.210000	1.249085e+24
6.260000	1.569068e+24
6.310000	1.954933e+24
6.360000	2.415403e+24
6.410000	2.958966e+24
6.460000	3.593421e+24
6.510000	4.325313e+24
6.560000	5.135733e+24
6.610000	6.064812e+24
6.660000	7.093944e+24
6.710000	8.217270e+24
6.760000	9.424311e+24
6.810000	1.069955e+25
6.860000	1.202225e+25
6.910000	1.328975e+25
6.960000	1.460279e+25
7.010000	1.586782e+25
7.060000	1.704745e+25
7.110000	1.810334e+25
7.160000	1.888538e+25
7.210000	1.955952e+25
7.260000	2.000576e+25
7.310000	2.020219e+25
7.360000	2.013576e+25
7.410000	1.966853e+25
7.460000	1.905814e+25
7.510000	1.820776e+25
7.560000	1.714594e+25
7.610000	1.579422e+25
7.660000	1.441586e+25
7.710000	1.295344e+25
7.760000	1.145442e+25
7.810000	9.881177e+24
7.860000	8.439025e+24
7.910000	7.082846e+24
7.960000	5.789288e+24
8.010000	4.678438e+24
8.060000	3.709519e+24
8.110000	2.857388e+24
8.160000	2.173685e+24
8.210000	1.619493e+24
8.260000	1.168277e+24
8.310000	8.316340e+23
8.360000	5.723355e+23
8.410000	3.880217e+23
8.460000	2.537965e+23
8.510000	1.632852e+23
8.560000	1.010760e+23
8.610000	6.079386e+22
8.660000	3.583327e+22
8.710000	2.024371e+22
8.760000	1.106333e+22
8.810000	5.905419e+21
8.860000	3.003303e+21
8.910000	1.469532e+21
8.960000	6.903043e+20
9.010000	3.105665e+20
9.060000	1.334759e+20
9.110000	5.392383e+19
9.160000	2.094165e+19
9.210000	7.591818e+18
9.260000	2.624993e+18
9.310000	8.388955e+17
9.360000	2.496913e+17
9.410000	6.777396e+16
9.460000	1.711980e+16
9.510000	3.873458e+15
9.560000	7.749718e+14
9.610000	1.350868e+14
9.660000	2.042803e+13
9.710000	2.535110e+12
9.760000	2.533694e+11
9.810000	1.883918e+10
9.860000	9.392822e+08
9.910000	2.629834e+07
9.960000	2.931572e+05
10.010000	8.894306e+02
10.060000	1.614592e+01
10.110000	4.976749e+00
10.160000	3.290127e+00
10.210000	2.746986e+00
10.260000	2.462062e+00
10.310000	2.331675e+00
10.360000	2.235875e+00
10.410000	2.189554e+00
10.460000	2.152824e+00
10.510000	2.116845e+00
10.560000	2.099777e+00
10.610000	2.084480e+00
10.660000	2.078432e+00
10.710000	2.060597e+00
10.760000	2.057309e+00
10.810000	2.049887e+00
10.860000	2.045883e+00
10.910000	2.037436e+00
10.960000	2.038079e+00
11.010000	2.033734e+00
11.060000	2.030996e+00
11.110000	2.029538e+00
11.160000	2.023426e+00
11.210000	2.023791e+00
11.260000	2.019751e+00
11.310000	2.021370e+00
11.360000	2.018565e+00
11.410000	2.016425e+00
11.460000	2.014798e+00
11.510000	2.013575e+00
11.560000	2.012681e+00
11.610000	2.012061e+00
11.660000	2.011678e+00
11.710000	2.011511e+00
11.760000	2.011550e+00
11.810000	2.011797e+00
11.860000	2.008715e+00
11.910000	2.009142e+00
11.960000	2.009760e+00
12.010000	2.010602e+00
12.060000	2.008054e+00
12.110000	2.008982e+00
12.160000	2.006890e+00
12.210000	2.007887e+00
12.260000	2.006108e+00
12.310000	2.007175e+00
12.360000	2.005609e+00
12.410000	2.006760e+00
12.460000	2.005335e+00
12.510000	2.006595e+00
12.560000	2.005253e+00
12.610000	2.006660e+00
12.660000	2.005354e+00
12.710000	2.004306e+00
12.760000	2.005645e+00
12.810000	2.004582e+00
12.860000	2.003721e+00
12.910000	2.005042e+00
12.960000	2.004131e+00
13.010000	2.003388e+00
13.060000	2.004741e+00
13.110000	2.003922e+00
13.160000	2.003246e+00
13.210000	2.004691e+00
13.260000	2.003917e+00
13.310000	2.003271e+00
13.360000	2.002734e+00
13.410000	2.004112e+00
13.460000	2.003465e+00
13.510000	2.002922e+00
13.560000	2.002465e+00
13.610000	2.003855e+00
13.660000	2.003280e+00
13.710000	2.002792e+00
13.760000	2.002377e+00
13.810000	2.003863e+00
13.860000	2.003317e+00
13.910000	2.002849e+00
13.960000	2.002448e+00
14.010000	2.002104e+00
14.060000	2.003578e+00
14.110000	2.003101e+00
14.160000	2.002688e+00
14.210000	2.002332e+00
14.260000	2.002023e+00
14.310000	2.001756e+00
14.360000	2.003145e+00
14.410000	2.002751e+00
14.460000	2.002408e+00
14.510000	2.002108e+00
14.560000	2.001846e+00
14.610000	2.001617e+00
14.660000	2.001418e+00
14.710000	2.002690e+00
14.760000	2.002375e+00
14.810000	2.002099e+00
14.860000	2.001855e+00
14.910000	2.001640e+00
14.960000	2.001450e+00
15.010000	2.001283e+00
15.060000	2.002575e+00
15.110000	2.002295e+00
15.160000	2.002046e+00
15.210000	2.001825e+00
15.260000	2.001628e+00
15.310000	2.001453e+00
15.360000	2.001297e+00
15.410000	2.001158e+00
15.460000	2.001034e+00
15.510000	2.002223e+00
15.560000	2.002000e+00
15.610000	2.001800e+00
15.660000	2.001620e+00
15.710000	2.001459e+00
15.760000	2.001314e+00
15.810000	2.001183e+00
15.860000	2.001066e+00
15.910000	2.000961e+00
15.960000	2.000867e+00
16.010000	2.002004e+00
16.060000	2.001820e+00
16.110000	2.001652e+00
16.160000	2.001501e+00
16.210000	2.001364e+00
16.260000	2.001239e+00
16.310000	2.001127e+00
16.360000	2.001024e+00
16.410000	2.000932e+00
16.460000	2.000848e+00
16.510000	2.000771e+00
16.560000	2.000702e+00
16.610000	2.001764e+00
16.660000	2.001616e+00
16.710000	2.001481e+00
16.760000	2.001357e+00
16.810000	2.001245e+00
16.860000	2.001141e+00
16.910000	2.001047e+00
16.960000	2.000961e+00
17.010000	2.000881e+00
17.060000	2.000809e+00
17.110000	2.000743e+00
17.160000	2.000682e+00
17.210000	2.000627e+00
17.260000	2.000576e+00
17.310000	2.001585e+00
17.360000	2.001465e+00
17.410000	2.001355e+00
17.460000	2.001253e+00
17.510000	2.001159e+00
17.560000	2.001072e+00
17.610000	2.000992e+00
17.660000	2.000919e+00
17.710000	2.000850e+00
17.760000	2.000787e+00
17.810000	2.000729e+00
17.860000	2.000676e+00
17.910000	2.000626e+00
17.960000	2.000580e+00
18.010000	2.000538e+00
18.060000	2.000498e+00
18.110000	2.000462e+00
18.160000	2.001413e+00
18.210000	2.001318e+00
18.260000	2.001230e+00
18.310000	2.001147e+00
18.360000	2.001071e+00
18.410000	2.000999e+00
18.460000	2.000933e+00
18.510000	2.000871e+00
18.560000	2.000813e+00
18.610000	2.000760e+00
18.660000	2.000710e+00
18.710000	2.000663e+00
18.760000	2.000620e+00
18.810000	2.000579e+00
18.860000	2.000541e+00
18.910000	2.000506e+00
18.960000	2.000473e+00
19.010000	2.000443e+00
19.060000	2.000414e+00
19.110000	2.000387e+00
19.160000	2.000362e+00
19.210000	2.001252e+00
19.260000	2.001178e+00
19.310000	2.001108e+00
19.360000	2.001043e+00
19.410000	2.000982e+00
19.460000	2.000924e+00
19.510000	2.000870e+00
19.560000	2.000820e+00
19.610000	2.000772e+00
19.660000	2.000727e+00
19.710000	2.000685e+00
19.760000	2.000645e+00
19.810000	2.000608e+00
19.860000	2.000573e+00
19.910000	2.000540e+00
19.960000	2.000509e+00
20.010000	2.000480e+00
20.060000	2.000453e+00
20.110000	2.000427e+00
20.160000	2.000403e+00
20.210000	2.000380e+00
20.260000	2.000359e+00
20.310000	2.000339e+00
20.360000	2.000319e+00
20.410000	2.000302e+00
20.460000	2.000285e+00
20.510000	2.001131e+00
20.560000	2.001073e+00
20.610000	2.001018e+00
20.660000	2.000967e+00
20.710000	2.000917e+00
20.760000	2.000871e+00
20.810000	2.000827e+00
20.860000	2.000785e+00
20.910000	2.000746e+00
20.960000	2.000708e+00
21.010000	2.000673e+00
21.060000	2.000639e+00
21.110000	2.000607e+00
21.160000	2.000577e+00
21.210000	2.000548e+00
21.260000	2.000521e+00
21.310000	2.000496e+00
21.360000	2.000471e+00
21.410000	2.000448e+00
21.460000	2.000426e+00
21.510000	2.000405e+00
21.560000	2.000385e+00
21.610000	2.000366e+00
21.660000	2.000349e+00
21.710000	2.000332e+00
21.760000	2.000316e+00
21.810000	2.000300e+00
21.860000	2.000286e+00
21.910000	2.000272e+00
21.960000	2.000259e+00
22.010000	2.000247e+00
22.060000	2.000235e+00
22.110000	2.000224e+00
22.160000	2.000213e+00
22.210000	2.000203e+00
22.260000	2.000957e+00
22.310000	2.000916e+00
22.360000	2.000876e+00
22.410000	2.000839e+00
22.460000	2.000803e+00
22.510000	2.000768e+00
22.560000	2.000736e+00
22.610000	2.000704e+00
22.660000	2.000674e+00
22.710000	2.000646e+00
22.760000	2.000619e+00
22.810000	2.000592e+00
22.860000	2.000567e+00
22.910000	2.000544e+00
22.960000	2.000521e+00
23.010000	2.000499e+00
23.060000	2.000478e+00
23.110000	2.000458e+00
23.160000	2.000439e+00
23.210000	2.000421e+00
23.260000	2.000403e+00
23.310000	2.000387e+00
23.360000	2.000371e+00
23.410000	2.000356e+00
23.460000	2.000341e+00
23.510000	2.000327e+00
23.560000	2.000314e+00
23.610000	2.000301e+00
23.660000	2.000288e+00
23.710000	2.000277e+00
23.760000	2.000265e+00
23.810000	2.000255e+00
23.860000	2.000244e+00
23.910000	2.000235e+00
23.960000	2.000225e+00
24.010000	2.000216e+00
24.060000	2.000207e+00
24.110000	2.000199e+00
24.160000	2.000191e+00
24.210000	2.000183e+00
24.260000	2.000176e+00
24.310000	2.000169e+00
24.360000	2.000162e+00
24.410000	2.000156e+00
24.460000	2.000150e+00
24.510000	2.000144e+00
24.560000	2.000834e+00
24.610000	2.000805e+00
24.660000	2.000776e+00
24.710000	2.000749e+00
24.760000	2.000722e+00
24.810000	2.000697e+00
24.860000	2.000673e+00
24.910000	2.000649e+00
24.960000	2.000626e+00
25.010000	2.000605e+00
25.060000	2.000584e+00
25.110000	2.000563e+00
25.160000	2.000544e+00
25.210000	2.000525e+00
25.260000	2.000507e+00
25.310000	2.000489e+00
25.360000	2.000473e+00
25.410000	2.000456e+00
25.460000	2.000441e+00
25.510000	2.000426e+00
25.560000	2.000411e+00
25.610000	2.000397e+00
25.660000	2.000384e+00
25.710000	2.000371e+00
25.760000	2.000358e+00
25.810000	2.000346e+00
25.860000	2.000334e+00
25.910000	2.000323e+00
25.960000	2.000312e+00
26.010000	2.000302e+00
26.060000	2.000291e+00
26.110000	2.000282e+00
26.160000	2.000272e+00
26.210000	2.000263e+00
26.260000	2.000254e+00
26.310000	2.000246e+00
26.360000	2.000238e+00
26.410000	2.000230e+00
26.460000	2.000222e+00
26.510000	2.000215e+00
26.560000	2.000208e+00
26.610000	2.000201e+00
26.660000	2.000195e+00
26.710000	2.000188e+00
26.760000	2.000182e+00
26.810000	2.000176e+00
26.860000	2.000170e+00
26.910000	2.000165e+00
26.960000	2.000159e+00
27.010000	2.000154e+00
27.060000	2.000149e+00
27.110000	2.000144e+00
27.160000	2.000140e+00
27.210000	2.000135e+00
27.260000	2.000131e+00
27.310000	2.000127e+00
27.360000	2.000123e+00
27.410000	2.000119e+00
27.460000	2.000115e+00
27.510000	2.000111e+00
27.560000	2.000108e+00
27.610000	2.000104e+00
27.660000	2.000101e+00
27.710000	2.000098e+00
27.760000	2.000731e+00
27.810000	2.000710e+00
27.860000	2.000690e+00
27.910000	2.000671e+00
27.960000	2.000652e+00
28.010000	2.000634e+00
28.060000	2.000617e+00
28.110000	2.000599e+00
28.160000	2.000583e+00
28.210000	2.000567e+00
28.260000	2.000551e+00
28.310000	2.000536e+00
28.360000	2.000521e+00
28.410000	2.000507e+00
28.460000	2.000493e+00
28.510000	2.000480e+00
28.560000	2.000466e+00
28.610000	2.000454e+00
28.660000	2.000441e+00
28.710000	2.000429e+00
28.760000	2.000418e+00
28.810000	2.000406e+00
28.860000	2.000395e+00
28.910000	2.000385e+00
28.960000	2.000374e+00
29.010000	2.000364e+00
29.060000	2.000355e+00
29.110000	2.000345e+00
29.160000	2.000336e+00
29.210000	2.000327e+00
29.260000	2.000318e+00
29.310000	2.000310e+00
29.360000	2.000301e+00
29.410000	2.000293e+00
29.460000	2.000286e+00
29.510000	2.000278e+00
29.560000	2.000271e+00
29.610000	2.000264e+00
29.660000	2.000257e+00
29.710000	2.000250e+00
29.760000	2.000243e+00
29.810000	2.000237e+00
29.860000	2.000231e+00
29.910000	2.000225e+00
29.960000	2.000219e+00
30.010000	2.000213e+00
30.060000	2.000208e+00
30.110000	2.000202e+00
30.160000	2.000197e+00
30.210000	2.000192e+00
30.260000	2.000187e+00
30.310000	2.000182e+00
30.360000	2.000177e+00
30.410000	2.000173e+00
30.460000	2.000168e+00
30.510000	2.000164e+00
30.560000	2.000160e+00
30.610000	2.000156e+00
30.660000	2.000152e+00
30.710000	2.000148e+00
30.760000	2.000144e+00
30.810000	2.000141e+00
30.860000	2.000137e+00
30.910000	2.000134e+00
30.960000	2.000130e+00
31.010000	2.000127e+00
31.060000	2.000124e+00
31.110000	2.000121e+00
31.160000	2.000118e+00
31.210000	2.000115e+00
31.260000	2.000112e+00
31.310000	2.000109e+00
31.360000	2.000106e+00
31.410000	2.000104e+00
31.460000	2.000101e+00
31.510000	2.000098e+00
31.560000	2.000096e+00
31.610000	2.000094e+00
31.660000	2.000091e+00
31.710000	2.000089e+00
31.760000	2.000087e+00
31.810000	2.000085e+00
31.860000	2.000083e+00
31.910000	2.000081e+00
31.960000	2.000079e+00
32.010000	2.000077e+00
32.060000	2.000075e+00
32.110000	2.000073e+00
32.160000	2.000071e+00
32.210000	2.000070e+00
32.260000	2.000068e+00
32.310000	2.000066e+00
32.360000	2.000065e+00
32.410000	2.000063e+00
32.460000	2.000061e+00
32.510000	2.000060e+00
32.560000	2.000621e+00
32.610000	2.000608e+00
32.660000	2.000595e+00
32.710000	2.000583e+00
32.760000	2.000570e+00
32.810000	2.000558e+00
32.860000	2.000547e+00
32.910000	2.000535e+00
32.960000	2.000524e+00
33.010000	2.000513e+00
33.060000	2.000503e+00
33.110000	2.000492e+00
33.160000	2.000482e+00
33.210000	2.000472e+00
33.260000	2.000462e+00
33.310000	2.000453e+00
33.360000	2.000444e+00
33.410000	2.000434e+00
33.460000	2.000426e+00
33.510000	2.000417e+00
33.560000	2.000408e+00
33.610000	2.000400e+00
33.660000	2.000392e+00
33.710000	2.000384e+00
33.760000	2.000376e+00
33.810000	2.000368e+00
33.860000	2.000361e+00
33.910000	2.000354e+00
33.960000	2.000346e+00
34.010000	2.000339e+00
34.060000	2.000333e+00
34.110000	2.000326e+00
34.160000	2.000319e+00
34.210000	2.000313e+00
34.260000	2.000307e+00
34.310000	2.000301e+00
34.360000	2.000294e+00
34.410000	2.000289e+00
34.460000	2.000283e+00
34.510000	2.000277e+00
34.560000	2.000272e+00
34.610000	2.000266e+00
34.660000	2.000261e+00
34.710000	2.000256e+00
34.760000	2.000251e+00
34.810000	2.000246e+00
34.860000	2.000241e+00
34.910000	2.000236e+00
34.960000	2.000232e+00
35.010000	2.000227e+00
35.060000	2.000223e+00
35.110000	2.000218e+00
35.160000	2.000214e+00
35.210000	2.000210e+00
35.260000	2.000206e+00
35.310000	2.000202e+00
35.360000	2.000198e+00
35.410000	2.000194e+00
35.460000	2.000190e+00
35.510000	2.000186e+00
35.560000	2.000183e+00
35.610000	2.000179e+00
35.660000	2.000176e+00
35.710000	2.000173e+00
35.760000	2.000169e+00
35.810000	2.000166e+00
35.860000	2.000163e+00
35.910000	2.000160e+00
35.960000	2.000157e+00
36.010000	2.000154e+00
36.060000	2.000151e+00
36.110000	2.000148e+00
36.160000	2.000145e+00
36.210000	2.000142e+00
36.260000	2.000140e+00
36.310000	2.000137e+00
36.360000	2.000134e+00
36.410000	2.000132e+00
36.460000	2.000129e+00
36.510000	2.000127e+00
36.560000	2.000124e+00
36.610000	2.000122e+00
36.660000	2.000120e+00
36.710000	2.000118e+00
36.760000	2.000115e+00
36.810000	2.000113e+00
36.860000	2.000111e+00
36.910000	2.000109e+00
36.960000	2.000107e+00
37.010000	2.000105e+00
37.060000	2.000103e+00
37.110000	2.000101e+00
37.160000	2.000099e+00
37.210000	2.000097e+00
37.260000	2.000096e+00
37.310000	2.000094e+00
37.360000	2.000092e+00
37.410000	2.000090e+00
37.460000	2.000089e+00
37.510000	2.000087e+00
37.560000	2.000086e+00
37.610000	2.000084e+00
37.660000	2.000082e+00
37.710000	2.000081e+00
37.760000	2.000079e+00
37.810000	2.000078e+00
37.860000	2.000077e+00
37.910000	2.000075e+00
37.960000	2.000074e+00
38.010000	2.000072e+00
38.060000	2.000071e+00
38.110000	2.000070e+00
38.160000	2.000069e+00
38.210000	2.000067e+00
38.260000	2.000066e+00
38.310000	2.000065e+00
38.360000	2.000064e+00
38.410000	2.000063e+00
38.460000	2.000062e+00
38.510000	2.000060e+00
38.560000	2.000059e+00
38.610000	2.000058e+00
38.660000	2.000057e+00
38.710000	2.000056e+00
38.760000	2.000055e+00
38.810000	2.000054e+00
38.860000	2.000053e+00
38.910000	2.000052e+00
38.960000	2.000051e+00
39.010000	2.000051e+00
39.060000	2.000050e+00
39.110000	2.000049e+00
39.160000	2.000048e+00
39.210000	2.000047e+00
39.260000	2.000046e+00
39.310000	2.000045e+00
39.360000	2.000045e+00
39.410000	2.000044e+00
39.460000	2.000043e+00
39.510000	2.000042e+00
39.560000	2.000042e+00
39.610000	2.000041e+00
39.660000	2.000040e+00
39.710000	2.000039e+00
39.760000	2.000039e+00
39.810000	2.000038e+00
39.860000	2.000037e+00
39.910000	2.000037e+00
39.960000	2.000036e+00
40.010000	2.000036e+00
40.060000	2.000035e+00
40.110000	2.000034e+00
40.160000	2.000034e+00
40.210000	2.000033e+00
40.260000	2.000528e+00
40.310000	2.000520e+00
40.360000	2.000513e+00
40.410000	2.000505e+00
40.460000	2.000498e+00
40.510000	2.000491e+00
40.560000	2.000483e+00
40.610000	2.000476e+00
40.660000	2.000470e+00
40.710000	2.000463e+00
40.760000	2.000456e+00
40.810000	2.000449e+00
40.860000	2.000443e+00
40.910000	2.000436e+00
40.960000	2.000430e+00
41.010000	2.000424e+00
41.060000	2.000418e+00
41.110000	2.000412e+00
41.160000	2.000406e+00
41.210000	2.000400e+00
41.260000	2.000394e+00
41.310000	2.000389e+00
41.360000	2.000383e+00
41.410000	2.000378e+00
41.460000	2.000372e+00
41.510000	2.000367e+00
41.560000	2.000362e+00
41.610000	2.000357e+00
41.660000	2.000352e+00
41.710000	2.000347e+00
41.760000	2.000342e+00
41.810000	2.000337e+00
41.860000	2.000332e+00
41.910000	2.000327e+00
41.960000	2.000323e+00
42.010000	2.000318e+00
42.060000	2.000314e+00
42.110000	2.000309e+00
42.160000	2.000305e+00
42.210000	2.000301e+00
42.260000	2.000296e+00
42.310000	2.000292e+00
42.360000	2.000288e+00
42.410000	2.000284e+00
42.460000	2.000280e+00
42.510000	2.000276e+00
42.560000	2.000272e+00
42.610000	2.000269e+00
42.660000	2.000265e+00
42.710000	2.000261e+00
42.760000	2.000258e+00
42.810000	2.000254e+00
42.860000	2.000251e+00
42.910000	2.000247e+00
42.960000	2.000244e+00
43.010000	2.000240e+00
43.060000	2.000237e+00
43.110000	2.000234e+00
43.160000	2.000231e+00
43.210000	2.000227e+00
43.260000	2.000224e+00
43.310000	2.000221e+00
43.360000	2.000218e+00
43.410000	2.000215e+00
43.460000	2.000212e+00
43.510000	2.000209e+00
43.560000	2.000207e+00
43.610000	2.000204e+00
43.660000	2.000201e+00
43.710000	2.000198e+00
43.760000	2.000196e+00
43.810000	2.000193e+00
43.860000	2.000190e+00
43.910000	2.000188e+00
43.960000	2.000185e+00
44.010000	2.000183e+00
44.060000	2.000180e+00
44.110000	2.000178e+00
44.160000	2.000175e+00
44.210000	2.000173e+00
44.260000	2.000171e+00
44.310000	2.000169e+00
44.360000	2.000166e+00
44.410000	2.000164e+00
44.460000	2.000162e+00
44.510000	2.000160e+00
44.560000	2.000158e+00
44.610000	2.000155e+00
44.660000	2.000153e+00
44.710000	2.000151e+00
44.760000	2.000149e+00
44.810000	2.000147e+00
44.860000	2.000145e+00
44.910000	2.000144e+00
44.960000	2.000142e+00
45.010000	2.000140e+00
45.060000	2.000138e+00
45.110000	2.000136e+00
45.160000	2.000134e+00
45.210000	2.000133e+00
45.260000	2.000131e+00
45.310000	2.000129e+00
45.360000	2.000127e+00
45.410000	2.000126e+00
45.460000	2.000124e+00
45.510000	2.000123e+00
45.560000	2.000121e+00
45.610000	2.000119e+00
45.660000	2.000118e+00
45.710000	2.000116e+00
45.760000	2.000115e+00
45.810000	2.000113e+00
45.860000	2.000112e+00
45.910000	2.000110e+00
45.960000	2.000109e+00
46.010000	2.000108e+00
46.060000	2.000106e+00
46.110000	2.000105e+00
46.160000	2.000103e+00
46.210000	2.000102e+00
46.260000	2.000101e+00
46.310000	2.000100e+00
46.360000	2.000098e+00
46.410000	2.000097e+00
46.460000	2.000096e+00
46.510000	2.000095e+00
46.560000	2.000093e+00
46.610000	2.000092e+00
46.660000	2.000091e+00
46.710000	2.000090e+00
46.760000	2.000089e+00
46.810000	2.000088e+00
46.860000	2.000086e+00
46.910000	2.000085e+00
46.960000	2.000084e+00
47.010000	2.000083e+00
47.060000	2.000082e+00
47.110000	2.000081e+00
47.160000	2.000080e+00
47.210000	2.000079e+00
47.260000	2.000078e+00
47.310000	2.000077e+00
47.360000	2.000076e+00
47.410000	2.000075e+00
47.460000	2.000074e+00
47.510000	2.000073e+00
47.560000	2.000072e+00
47.610000	2.000072e+00
47.660000	2.000071e+00
47.710000	2.000070e+00
47.760000	2.000069e+00
47.810000	2.000068e+00
47.860000	2.000067e+00
47.910000	2.000066e+00
47.960000	2.000066e+00
48.010000	2.000065e+00
48.060000	2.000064e+00
48.110000	2.000063e+00
48.160000	2.000062e+00
48.210000	2.000062e+00
48.260000	2.000061e+00
48.310000	2.000060e+00
48.360000	2.000059e+00
48.410000	2.000059e+00
48.460000	2.000058e+00
48.510000	2.000057e+00
48.560000	2.000056e+00
48.610000	2.000056e+00
48.660000	2.000055e+00
48.710000	2.000054e+00
48.760000	2.000054e+00
48.810000	2.000053e+00
48.860000	2.000052e+00
48.910000	2.000052e+00
48.960000	2.000051e+00
49.010000	2.000051e+00
49.060000	2.000050e+00
49.110000	2.000049e+00
49.160000	2.000049e+00
49.210000	2.000048e+00
49.260000	2.000048e+00
49.310000	2.000047e+00
49.360000	2.000046e+00
49.410000	2.000046e+00
49.460000	2.000045e+00
49.510000	2.000045e+00
49.560000	2.000044e+00
49.610000	2.000044e+00
49.660000	2.000043e+00
49.710000	2.000043e+00
49.760000	2.000042e+00
49.810000	2.000042e+00
49.860000	2.000041e+00
49.910000	2.000041e+00
49.960000	2.000040e+00
50.010000	2.000040e+00
