0.010 0.000e+00
0.060 4.276e-216
0.110 2.159e-117
0.160 2.228e-80
0.210 5.446e-61
0.260 4.648e-49
0.310 5.619e-41
0.360 3.863e-35
0.410 1.001e-30
0.460 2.848e-27
0.510 1.704e-24
0.560 3.254e-22
0.610 2.627e-20
0.660 1.090e-18
0.710 2.677e-17
0.760 4.315e-16
0.810 4.934e-15
0.860 4.250e-14
0.910 2.889e-13
0.960 1.609e-12
1.010 7.557e-12
1.060 3.068e-11
1.110 1.098e-10
1.160 3.519e-10
1.210 1.025e-09
1.260 2.740e-09
1.310 6.800e-09
1.360 1.578e-08
1.410 3.450e-08
1.460 7.150e-08
1.510 1.412e-07
1.560 2.669e-07
1.610 4.850e-07
1.660 8.501e-07
1.710 1.442e-06
1.760 2.374e-06
1.810 3.801e-06
1.860 5.935e-06
1.910 9.053e-06
1.960 1.351e-05
2.010 1.978e-05
2.060 2.841e-05
2.110 4.012e-05
2.160 5.576e-05
2.210 7.634e-05
2.260 1.031e-04
2.310 1.374e-04
2.360 1.809e-04
2.410 2.355e-04
2.460 3.033e-04
2.510 3.868e-04
2.560 4.885e-04
2.610 6.114e-04
2.660 7.589e-04
2.710 9.345e-04
2.760 1.142e-03
2.810 1.386e-03
2.860 1.670e-03
2.910 2.001e-03
2.960 2.381e-03
3.010 2.818e-03
3.060 3.317e-03
3.110 3.884e-03
3.160 4.525e-03
3.210 5.248e-03
3.260 6.058e-03
3.310 6.962e-03
3.360 7.970e-03
3.410 9.087e-03
3.460 1.032e-02
3.510 1.168e-02
3.560 1.318e-02
3.610 1.481e-02
3.660 1.660e-02
3.710 1.855e-02
3.760 2.066e-02
3.810 2.295e-02
3.860 2.543e-02
3.910 2.810e-02
3.960 3.097e-02
4.010 3.406e-02
4.060 3.737e-02
4.110 4.091e-02
4.160 4.469e-02
4.210 4.872e-02
4.260 5.301e-02
4.310 5.757e-02
4.360 6.240e-02
4.410 6.752e-02
4.460 7.294e-02
4.510 7.865e-02
4.560 8.468e-02
4.610 9.104e-02
4.660 9.772e-02
4.710 1.047e-01
4.760 1.121e-01
4.810 1.198e-01
4.860 1.279e-01
4.910 1.364e-01
4.960 1.452e-01
5.010 1.544e-01
5.060 1.641e-01
5.110 1.741e-01
5.160 1.845e-01
5.210 1.954e-01
5.260 2.067e-01
5.310 2.184e-01
5.360 2.306e-01
5.410 2.432e-01
5.460 2.562e-01
5.510 2.698e-01
5.560 2.838e-01
5.610 2.982e-01
5.660 3.132e-01
5.710 3.286e-01
5.760 3.446e-01
5.810 3.610e-01
5.860 3.780e-01
5.910 3.954e-01
5.960 4.134e-01
6.010 4.319e-01
6.060 4.510e-01
6.110 4.705e-01
6.160 4.906e-01
6.210 5.113e-01
6.260 5.325e-01
6.310 5.543e-01
6.360 5.766e-01
6.410 5.995e-01
6.460 6.230e-01
6.510 6.470e-01
6.560 6.716e-01
6.610 6.968e-01
6.660 7.226e-01
6.710 7.490e-01
6.760 7.760e-01
6.810 8.036e-01
6.860 8.318e-01
6.910 8.606e-01
6.960 8.900e-01
7.010 9.200e-01
7.060 9.507e-01
7.110 9.820e-01
7.160 1.014e+00
7.210 1.046e+00
7.260 1.080e+00
7.310 1.113e+00
7.360 1.148e+00
7.410 1.183e+00
7.460 1.219e+00
7.510 1.255e+00
7.560 1.292e+00
7.610 1.330e+00
7.660 1.368e+00
7.710 1.407e+00
7.760 1.447e+00
7.810 1.487e+00
7.860 1.528e+00
7.910 1.570e+00
7.960 1.612e+00
8.010 1.656e+00
8.060 1.699e+00
8.110 1.744e+00
8.160 1.789e+00
8.210 1.835e+00
8.260 1.881e+00
8.310 1.928e+00
8.360 1.976e+00
8.410 2.025e+00
8.460 2.074e+00
8.510 2.124e+00
8.560 2.175e+00
8.610 2.226e+00
8.660 2.278e+00
8.710 2.331e+00
8.760 2.384e+00
8.810 2.439e+00
8.860 2.494e+00
8.910 2.549e+00
8.960 2.606e+00
9.010 2.663e+00
9.060 2.721e+00
9.110 2.779e+00
9.160 2.838e+00
9.210 2.898e+00
9.260 2.959e+00
9.310 3.020e+00
9.360 3.083e+00
9.410 3.145e+00
9.460 3.209e+00
9.510 3.273e+00
9.560 3.338e+00
9.610 3.404e+00
9.660 3.471e+00
9.710 3.538e+00
9.760 3.606e+00
9.810 3.675e+00
9.860 3.745e+00
9.910 3.815e+00
9.960 3.886e+00
10.010 3.958e+00
10.060 4.030e+00
10.110 4.103e+00
10.160 4.177e+00
10.210 4.252e+00
10.260 4.328e+00
10.310 4.404e+00
10.360 4.481e+00
10.410 4.559e+00
10.460 4.637e+00
10.510 4.716e+00
10.560 4.796e+00
10.610 4.877e+00
10.660 4.959e+00
10.710 5.041e+00
10.760 5.124e+00
10.810 5.208e+00
10.860 5.293e+00
10.910 5.378e+00
10.960 5.464e+00
11.010 5.551e+00
11.060 5.639e+00
11.110 5.727e+00
11.160 5.816e+00
11.210 5.906e+00
11.260 5.997e+00
11.310 6.088e+00
11.360 6.181e+00
11.410 6.274e+00
11.460 6.367e+00
11.510 6.462e+00
11.560 6.557e+00
11.610 6.653e+00
11.660 6.750e+00
11.710 6.848e+00
11.760 6.946e+00
11.810 7.046e+00
11.860 7.146e+00
11.910 7.246e+00
11.960 7.348e+00
12.010 7.450e+00
12.060 7.553e+00
12.110 7.657e+00
12.160 7.762e+00
12.210 7.867e+00
12.260 7.974e+00
12.310 8.081e+00
12.360 8.188e+00
12.410 8.297e+00
12.460 8.406e+00
12.510 8.516e+00
12.560 8.627e+00
12.610 8.739e+00
12.660 8.851e+00
12.710 8.965e+00
12.760 9.079e+00
12.810 9.194e+00
12.860 9.309e+00
12.910 9.426e+00
12.960 9.543e+00
13.010 9.661e+00
13.060 9.780e+00
13.110 9.899e+00
13.160 1.002e+01
13.210 1.014e+01
13.260 1.026e+01
13.310 1.039e+01
13.360 1.051e+01
13.410 1.063e+01
13.460 1.076e+01
13.510 1.088e+01
13.560 1.101e+01
13.610 1.114e+01
13.660 1.127e+01
13.710 1.140e+01
13.760 1.153e+01
13.810 1.166e+01
13.860 1.179e+01
13.910 1.192e+01
13.960 1.205e+01
14.010 1.219e+01
14.060 1.232e+01
14.110 1.246e+01
14.160 1.259e+01
14.210 1.273e+01
14.260 1.287e+01
14.310 1.301e+01
14.360 1.315e+01
14.410 1.329e+01
14.460 1.343e+01
14.510 1.357e+01
14.560 1.371e+01
14.610 1.385e+01
14.660 1.400e+01
14.710 1.414e+01
14.760 1.429e+01
14.810 1.444e+01
14.860 1.458e+01
14.910 1.473e+01
14.960 1.488e+01
15.010 1.500e+01
15.060 1.500e+01
15.110 1.500e+01
15.160 1.500e+01
15.210 1.500e+01
15.260 1.500e+01
15.310 1.500e+01
15.360 1.500e+01
15.410 1.500e+01
15.460 1.500e+01
15.510 1.500e+01
15.560 1.500e+01
15.610 1.500e+01
15.660 1.500e+01
15.710 1.500e+01
15.760 1.500e+01
15.810 1.500e+01
15.860 1.500e+01
15.910 1.500e+01
15.960 1.500e+01
16.010 1.500e+01
16.060 1.500e+01
16.110 1.500e+01
16.160 1.500e+01
16.210 1.500e+01
16.260 1.500e+01
16.310 1.500e+01
16.360 1.500e+01
16.410 1.500e+01
16.460 1.500e+01
16.510 1.500e+01
16.560 1.500e+01
16.610 1.500e+01
16.660 1.500e+01
16.710 1.500e+01
16.760 1.500e+01
16.810 1.500e+01
16.860 1.500e+01
16.910 1.500e+01
16.960 1.500e+01
17.010 1.500e+01
17.060 1.500e+01
17.110 1.500e+01
17.160 1.500e+01
17.210 1.500e+01
17.260 1.500e+01
17.310 1.500e+01
17.360 1.500e+01
17.410 1.500e+01
17.460 1.500e+01
17.510 1.500e+01
17.560 1.500e+01
17.610 1.500e+01
17.660 1.500e+01
17.710 1.500e+01
17.760 1.500e+01
17.810 1.500e+01
17.860 1.500e+01
17.910 1.500e+01
17.960 1.500e+01
18.010 1.500e+01
18.060 1.500e+01
18.110 1.500e+01
18.160 1.500e+01
18.210 1.500e+01
18.260 1.500e+01
18.310 1.500e+01
18.360 1.500e+01
18.410 1.500e+01
18.460 1.500e+01
18.510 1.500e+01
18.560 1.500e+01
18.610 1.500e+01
18.660 1.500e+01
18.710 1.500e+01
18.760 1.500e+01
18.810 1.500e+01
18.860 1.500e+01
18.910 1.500e+01
18.960 1.500e+01
19.010 1.500e+01
19.060 1.500e+01
19.110 1.500e+01
19.160 1.500e+01
19.210 1.500e+01
19.260 1.500e+01
19.310 1.500e+01
19.360 1.500e+01
19.410 1.500e+01
19.460 1.500e+01
19.510 1.500e+01
19.560 1.500e+01
19.610 1.500e+01
19.660 1.500e+01
19.710 1.500e+01
19.760 1.500e+01
19.810 1.500e+01
19.860 1.500e+01
19.910 1.500e+01
19.960 1.500e+01
20.010 1.500e+01
20.060 1.500e+01
20.110 1.500e+01
20.160 1.500e+01
20.210 1.500e+01
20.260 1.500e+01
20.310 1.500e+01
20.360 1.500e+01
20.410 1.500e+01
20.460 1.500e+01
20.510 1.500e+01
20.560 1.500e+01
20.610 1.500e+01
20.660 1.500e+01
20.710 1.500e+01
20.760 1.500e+01
20.810 1.500e+01
20.860 1.500e+01
20.910 1.500e+01
20.960 1.500e+01
21.010 1.500e+01
21.060 1.500e+01
21.110 1.500e+01
21.160 1.500e+01
21.210 1.500e+01
21.260 1.500e+01
21.310 1.500e+01
21.360 1.500e+01
21.410 1.500e+01
21.460 1.500e+01
21.510 1.500e+01
21.560 1.500e+01
21.610 1.500e+01
21.660 1.500e+01
21.710 1.500e+01
21.760 1.500e+01
21.810 1.500e+01
21.860 1.500e+01
21.910 1.500e+01
21.960 1.500e+01
22.010 1.500e+01
22.060 1.500e+01
22.110 1.500e+01
22.160 1.500e+01
22.210 1.500e+01
22.260 1.500e+01
22.310 1.500e+01
22.360 1.500e+01
22.410 1.500e+01
22.460 1.500e+01
22.510 1.500e+01
22.560 1.500e+01
22.610 1.500e+01
22.660 1.500e+01
22.710 1.500e+01
22.760 1.500e+01
22.810 1.500e+01
22.860 1.500e+01
22.910 1.500e+01
22.960 1.500e+01
23.010 1.500e+01
23.060 1.500e+01
23.110 1.500e+01
23.160 1.500e+01
23.210 1.500e+01
23.260 1.500e+01
23.310 1.500e+01
23.360 1.500e+01
23.410 1.500e+01
23.460 1.500e+01
23.510 1.500e+01
23.560 1.500e+01
23.610 1.500e+01
23.660 1.500e+01
23.710 1.500e+01
23.760 1.500e+01
23.810 1.500e+01
23.860 1.500e+01
23.910 1.500e+01
23.960 1.500e+01
24.010 1.500e+01
24.060 1.500e+01
24.110 1.500e+01
24.160 1.500e+01
24.210 1.500e+01
24.260 1.500e+01
24.310 1.500e+01
24.360 1.500e+01
24.410 1.500e+01
24.460 1.500e+01
24.510 1.500e+01
24.560 1.500e+01
24.610 1.500e+01
24.660 1.500e+01
24.710 1.500e+01
24.760 1.500e+01
24.810 1.500e+01
24.860 1.500e+01
24.910 1.500e+01
24.960 1.500e+01
25.010 1.500e+01
25.060 1.500e+01
25.110 1.500e+01
25.160 1.500e+01
25.210 1.500e+01
25.260 1.500e+01
25.310 1.500e+01
25.360 1.500e+01
25.410 1.500e+01
25.460 1.500e+01
25.510 1.500e+01
25.560 1.500e+01
25.610 1.500e+01
25.660 1.500e+01
25.710 1.500e+01
25.760 1.500e+01
25.810 1.500e+01
25.860 1.500e+01
25.910 1.500e+01
25.960 1.500e+01
26.010 1.500e+01
26.060 1.500e+01
26.110 1.500e+01
26.160 1.500e+01
26.210 1.500e+01
26.260 1.500e+01
26.310 1.500e+01
26.360 1.500e+01
26.410 1.500e+01
26.460 1.500e+01
26.510 1.500e+01
26.560 1.500e+01
26.610 1.500e+01
26.660 1.500e+01
26.710 1.500e+01
26.760 1.500e+01
26.810 1.500e+01
26.860 1.500e+01
26.910 1.500e+01
26.960 1.500e+01
27.010 1.500e+01
27.060 1.500e+01
27.110 1.500e+01
27.160 1.500e+01
27.210 1.500e+01
27.260 1.500e+01
27.310 1.500e+01
27.360 1.500e+01
27.410 1.500e+01
27.460 1.500e+01
27.510 1.500e+01
27.560 1.500e+01
27.610 1.500e+01
27.660 1.500e+01
27.710 1.500e+01
27.760 1.500e+01
27.810 1.500e+01
27.860 1.500e+01
27.910 1.500e+01
27.960 1.500e+01
28.010 1.500e+01
28.060 1.500e+01
28.110 1.500e+01
28.160 1.500e+01
28.210 1.500e+01
28.260 1.500e+01
28.310 1.500e+01
28.360 1.500e+01
28.410 1.500e+01
28.460 1.500e+01
28.510 1.500e+01
28.560 1.500e+01
28.610 1.500e+01
28.660 1.500e+01
28.710 1.500e+01
28.760 1.500e+01
28.810 1.500e+01
28.860 1.500e+01
28.910 1.500e+01
28.960 1.500e+01
29.010 1.500e+01
29.060 1.500e+01
29.110 1.500e+01
29.160 1.500e+01
29.210 1.500e+01
29.260 1.500e+01
29.310 1.500e+01
29.360 1.500e+01
29.410 1.500e+01
29.460 1.500e+01
29.510 1.500e+01
29.560 1.500e+01
29.610 1.500e+01
29.660 1.500e+01
29.710 1.500e+01
29.760 1.500e+01
29.810 1.500e+01
29.860 1.500e+01
29.910 1.500e+01
29.960 1.500e+01
30.010 1.500e+01
30.060 1.500e+01
30.110 1.500e+01
30.160 1.500e+01
30.210 1.500e+01
30.260 1.500e+01
30.310 1.500e+01
30.360 1.500e+01
30.410 1.500e+01
30.460 1.500e+01
30.510 1.500e+01
30.560 1.500e+01
30.610 1.500e+01
30.660 1.500e+01
30.710 1.500e+01
30.760 1.500e+01
30.810 1.500e+01
30.860 1.500e+01
30.910 1.500e+01
30.960 1.500e+01
31.010 1.500e+01
31.060 1.500e+01
31.110 1.500e+01
31.160 1.500e+01
31.210 1.500e+01
31.260 1.500e+01
31.310 1.500e+01
31.360 1.500e+01
31.410 1.500e+01
31.460 1.500e+01
31.510 1.500e+01
31.560 1.500e+01
31.610 1.500e+01
31.660 1.500e+01
31.710 1.500e+01
31.760 1.500e+01
31.810 1.500e+01
31.860 1.500e+01
31.910 1.500e+01
31.960 1.500e+01
32.010 1.500e+01
32.060 1.500e+01
32.110 1.500e+01
32.160 1.500e+01
32.210 1.500e+01
32.260 1.500e+01
32.310 1.500e+01
32.360 1.500e+01
32.410 1.500e+01
32.460 1.500e+01
32.510 1.500e+01
32.560 1.500e+01
32.610 1.500e+01
32.660 1.500e+01
32.710 1.500e+01
32.760 1.500e+01
32.810 1.500e+01
32.860 1.500e+01
32.910 1.500e+01
32.960 1.500e+01
33.010 1.500e+01
33.060 1.500e+01
33.110 1.500e+01
33.160 1.500e+01
33.210 1.500e+01
33.260 1.500e+01
33.310 1.500e+01
33.360 1.500e+01
33.410 1.500e+01
33.460 1.500e+01
33.510 1.500e+01
33.560 1.500e+01
33.610 1.500e+01
33.660 1.500e+01
33.710 1.500e+01
33.760 1.500e+01
33.810 1.500e+01
33.860 1.500e+01
33.910 1.500e+01
33.960 1.500e+01
34.010 1.500e+01
34.060 1.500e+01
34.110 1.500e+01
34.160 1.500e+01
34.210 1.500e+01
34.260 1.500e+01
34.310 1.500e+01
34.360 1.500e+01
34.410 1.500e+01
34.460 1.500e+01
34.510 1.500e+01
34.560 1.500e+01
34.610 1.500e+01
34.660 1.500e+01
34.710 1.500e+01
34.760 1.500e+01
34.810 1.500e+01
34.860 1.500e+01
34.910 1.500e+01
34.960 1.500e+01
35.010 1.500e+01
35.060 1.500e+01
35.110 1.500e+01
35.160 1.500e+01
35.210 1.500e+01
35.260 1.500e+01
35.310 1.500e+01
35.360 1.500e+01
35.410 1.500e+01
35.460 1.500e+01
35.510 1.500e+01
35.560 1.500e+01
35.610 1.500e+01
35.660 1.500e+01
35.710 1.500e+01
35.760 1.500e+01
35.810 1.500e+01
35.860 1.500e+01
35.910 1.500e+01
35.960 1.500e+01
36.010 1.500e+01
36.060 1.500e+01
36.110 1.500e+01
36.160 1.500e+01
36.210 1.500e+01
36.260 1.500e+01
36.310 1.500e+01
36.360 1.500e+01
36.410 1.500e+01
36.460 1.500e+01
36.510 1.500e+01
36.560 1.500e+01
36.610 1.500e+01
36.660 1.500e+01
36.710 1.500e+01
36.760 1.500e+01
36.810 1.500e+01
36.860 1.500e+01
36.910 1.500e+01
36.960 1.500e+01
37.010 1.500e+01
37.060 1.500e+01
37.110 1.500e+01
37.160 1.500e+01
37.210 1.500e+01
37.260 1.500e+01
37.310 1.500e+01
37.360 1.500e+01
37.410 1.500e+01
37.460 1.500e+01
37.510 1.500e+01
37.560 1.500e+01
37.610 1.500e+01
37.660 1.500e+01
37.710 1.500e+01
37.760 1.500e+01
37.810 1.500e+01
37.860 1.500e+01
37.910 1.500e+01
37.960 1.500e+01
38.010 1.500e+01
38.060 1.500e+01
38.110 1.500e+01
38.160 1.500e+01
38.210 1.500e+01
38.260 1.500e+01
38.310 1.500e+01
38.360 1.500e+01
38.410 1.500e+01
38.460 1.500e+01
38.510 1.500e+01
38.560 1.500e+01
38.610 1.500e+01
38.660 1.500e+01
38.710 1.500e+01
38.760 1.500e+01
38.810 1.500e+01
38.860 1.500e+01
38.910 1.500e+01
38.960 1.500e+01
39.010 1.500e+01
39.060 1.500e+01
39.110 1.500e+01
39.160 1.500e+01
39.210 1.500e+01
39.260 1.500e+01
39.310 1.500e+01
39.360 1.500e+01
39.410 1.500e+01
39.460 1.500e+01
39.510 1.500e+01
39.560 1.500e+01
39.610 1.500e+01
39.660 1.500e+01
39.710 1.500e+01
39.760 1.500e+01
39.810 1.500e+01
39.860 1.500e+01
39.910 1.500e+01
39.960 1.500e+01
40.010 1.500e+01
40.060 1.500e+01
40.110 1.500e+01
40.160 1.500e+01
40.210 1.500e+01
40.260 1.500e+01
40.310 1.500e+01
40.360 1.500e+01
40.410 1.500e+01
40.460 1.500e+01
40.510 1.500e+01
40.560 1.500e+01
40.610 1.500e+01
40.660 1.500e+01
40.710 1.500e+01
40.760 1.500e+01
40.810 1.500e+01
40.860 1.500e+01
40.910 1.500e+01
40.960 1.500e+01
41.010 1.500e+01
41.060 1.500e+01
41.110 1.500e+01
41.160 1.500e+01
41.210 1.500e+01
41.260 1.500e+01
41.310 1.500e+01
41.360 1.500e+01
41.410 1.500e+01
41.460 1.500e+01
41.510 1.500e+01
41.560 1.500e+01
41.610 1.500e+01
41.660 1.500e+01
41.710 1.500e+01
41.760 1.500e+01
41.810 1.500e+01
41.860 1.500e+01
41.910 1.500e+01
41.960 1.500e+01
42.010 1.500e+01
42.060 1.500e+01
42.110 1.500e+01
42.160 1.500e+01
42.210 1.500e+01
42.260 1.500e+01
42.310 1.500e+01
42.360 1.500e+01
42.410 1.500e+01
42.460 1.500e+01
42.510 1.500e+01
42.560 1.500e+01
42.610 1.500e+01
42.660 1.500e+01
42.710 1.500e+01
42.760 1.500e+01
42.810 1.500e+01
42.860 1.500e+01
42.910 1.500e+01
42.960 1.500e+01
43.010 1.500e+01
43.060 1.500e+01
43.110 1.500e+01
43.160 1.500e+01
43.210 1.500e+01
43.260 1.500e+01
43.310 1.500e+01
43.360 1.500e+01
43.410 1.500e+01
43.460 1.500e+01
43.510 1.500e+01
43.560 1.500e+01
43.610 1.500e+01
43.660 1.500e+01
43.710 1.500e+01
43.760 1.500e+01
43.810 1.500e+01
43.860 1.500e+01
43.910 1.500e+01
43.960 1.500e+01
44.010 1.500e+01
44.060 1.500e+01
44.110 1.500e+01
44.160 1.500e+01
44.210 1.500e+01
44.260 1.500e+01
44.310 1.500e+01
44.360 1.500e+01
44.410 1.500e+01
44.460 1.500e+01
44.510 1.500e+01
44.560 1.500e+01
44.610 1.500e+01
44.660 1.500e+01
44.710 1.500e+01
44.760 1.500e+01
44.810 1.500e+01
44.860 1.500e+01
44.910 1.500e+01
44.960 1.500e+01
45.010 1.500e+01
45.060 1.500e+01
45.110 1.500e+01
45.160 1.500e+01
45.210 1.500e+01
45.260 1.500e+01
45.310 1.500e+01
45.360 1.500e+01
45.410 1.500e+01
45.460 1.500e+01
45.510 1.500e+01
45.560 1.500e+01
45.610 1.500e+01
45.660 1.500e+01
45.710 1.500e+01
45.760 1.500e+01
45.810 1.500e+01
45.860 1.500e+01
45.910 1.500e+01
45.960 1.500e+01
46.010 1.500e+01
46.060 1.500e+01
46.110 1.500e+01
46.160 1.500e+01
46.210 1.500e+01
46.260 1.500e+01
46.310 1.500e+01
46.360 1.500e+01
46.410 1.500e+01
46.460 1.500e+01
46.510 1.500e+01
46.560 1.500e+01
46.610 1.500e+01
46.660 1.500e+01
46.710 1.500e+01
46.760 1.500e+01
46.810 1.500e+01
46.860 1.500e+01
46.910 1.500e+01
46.960 1.500e+01
47.010 1.500e+01
47.060 1.500e+01
47.110 1.500e+01
47.160 1.500e+01
47.210 1.500e+01
47.260 1.500e+01
47.310 1.500e+01
47.360 1.500e+01
47.410 1.500e+01
47.460 1.500e+01
47.510 1.500e+01
47.560 1.500e+01
47.610 1.500e+01
47.660 1.500e+01
47.710 1.500e+01
47.760 1.500e+01
47.810 1.500e+01
47.860 1.500e+01
47.910 1.500e+01
47.960 1.500e+01
48.010 1.500e+01
48.060 1.500e+01
48.110 1.500e+01
48.160 1.500e+01
48.210 1.500e+01
48.260 1.500e+01
48.310 1.500e+01
48.360 1.500e+01
48.410 1.500e+01
48.460 1.500e+01
48.510 1.500e+01
48.560 1.500e+01
48.610 1.500e+01
48.660 1.500e+01
48.710 1.500e+01
48.760 1.500e+01
48.810 1.500e+01
48.860 1.500e+01
48.910 1.500e+01
48.960 1.500e+01
49.010 1.500e+01
49.060 1.500e+01
49.110 1.500e+01
49.160 1.500e+01
49.210 1.500e+01
49.260 1.500e+01
49.310 1.500e+01
49.360 1.500e+01
49.410 1.500e+01
49.460 1.500e+01
49.510 1.500e+01
49.560 1.500e+01
49.610 1.500e+01
49.660 1.500e+01
49.710 1.500e+01
49.760 1.500e+01
49.810 1.500e+01
49.860 1.500e+01
49.910 1.500e+01
49.960 1.500e+01
50.010 1.500e+01
