0.010 0.000e+00
0.060 6.875e-144
0.110 4.360e-78
0.160 2.067e-53
0.210 1.741e-40
0.260 1.566e-32
0.310 3.829e-27
0.360 2.983e-23
0.410 2.612e-20
0.460 5.244e-18
0.510 3.723e-16
0.560 1.235e-14
0.610 2.306e-13
0.660 2.765e-12
0.710 2.336e-11
0.760 1.490e-10
0.810 7.564e-10
0.860 3.178e-09
0.910 1.141e-08
0.960 3.583e-08
1.010 1.005e-07
1.060 2.558e-07
1.110 5.983e-07
1.160 1.301e-06
1.210 2.652e-06
1.260 5.111e-06
1.310 9.367e-06
1.360 1.642e-05
1.410 2.766e-05
1.460 4.496e-05
1.510 7.077e-05
1.560 1.082e-04
1.610 1.611e-04
1.660 2.342e-04
1.710 3.332e-04
1.760 4.645e-04
1.810 6.359e-04
1.860 8.559e-04
1.910 1.134e-03
1.960 1.482e-03
2.010 1.910e-03
2.060 2.433e-03
2.110 3.063e-03
2.160 3.815e-03
2.210 4.706e-03
2.260 5.751e-03
2.310 6.968e-03
2.360 8.375e-03
2.410 9.989e-03
2.460 1.183e-02
2.510 1.392e-02
2.560 1.628e-02
2.610 1.892e-02
2.660 2.187e-02
2.710 2.514e-02
2.760 2.877e-02
2.810 3.276e-02
2.860 3.714e-02
2.910 4.193e-02
2.960 4.716e-02
3.010 5.283e-02
3.060 5.897e-02
3.110 6.560e-02
3.160 7.274e-02
3.210 8.041e-02
3.260 8.863e-02
3.310 9.741e-02
3.360 1.068e-01
3.410 1.167e-01
3.460 1.273e-01
3.510 1.386e-01
3.560 1.504e-01
3.610 1.630e-01
3.660 1.762e-01
3.710 1.901e-01
3.760 2.048e-01
3.810 2.201e-01
3.860 2.363e-01
3.910 2.531e-01
3.960 2.708e-01
4.010 2.892e-01
4.060 3.084e-01
4.110 3.285e-01
4.160 3.493e-01
4.210 3.710e-01
4.260 3.935e-01
4.310 4.169e-01
4.360 4.411e-01
4.410 4.663e-01
4.460 4.923e-01
4.510 5.192e-01
4.560 5.470e-01
4.610 5.757e-01
4.660 6.053e-01
4.710 6.359e-01
4.760 6.674e-01
4.810 6.998e-01
4.860 7.332e-01
4.910 7.676e-01
4.960 8.029e-01
5.010 8.392e-01
5.060 8.765e-01
5.110 9.148e-01
5.160 9.540e-01
5.210 9.943e-01
5.260 1.036e+00
5.310 1.078e+00
5.360 1.121e+00
5.410 1.165e+00
5.460 1.211e+00
5.510 1.257e+00
5.560 1.305e+00
5.610 1.353e+00
5.660 1.403e+00
5.710 1.453e+00
5.760 1.505e+00
5.810 1.558e+00
5.860 1.611e+00
5.910 1.666e+00
5.960 1.722e+00
6.010 1.779e+00
6.060 1.837e+00
6.110 1.896e+00
6.160 1.956e+00
6.210 2.018e+00
6.260 2.080e+00
6.310 2.144e+00
6.360 2.208e+00
6.410 2.274e+00
6.460 2.341e+00
6.510 2.409e+00
6.560 2.478e+00
6.610 2.548e+00
6.660 2.619e+00
6.710 2.692e+00
6.760 2.765e+00
6.810 2.840e+00
6.860 2.915e+00
6.910 2.992e+00
6.960 3.070e+00
7.010 3.150e+00
7.060 3.230e+00
7.110 3.311e+00
7.160 3.394e+00
7.210 3.478e+00
7.260 3.562e+00
7.310 3.648e+00
7.360 3.736e+00
7.410 3.824e+00
7.460 3.913e+00
7.510 4.004e+00
7.560 4.096e+00
7.610 4.189e+00
7.660 4.283e+00
7.710 4.378e+00
7.760 4.474e+00
7.810 4.572e+00
7.860 4.671e+00
7.910 4.770e+00
7.960 4.871e+00
8.010 4.974e+00
8.060 5.077e+00
8.110 5.182e+00
8.160 5.287e+00
8.210 5.394e+00
8.260 5.502e+00
8.310 5.611e+00
8.360 5.722e+00
8.410 5.833e+00
8.460 5.946e+00
8.510 6.060e+00
8.560 6.175e+00
8.610 6.292e+00
8.660 6.409e+00
8.710 6.528e+00
8.760 6.648e+00
8.810 6.769e+00
8.860 6.891e+00
8.910 7.014e+00
8.960 7.139e+00
9.010 7.264e+00
9.060 7.391e+00
9.110 7.520e+00
9.160 7.649e+00
9.210 7.779e+00
9.260 7.911e+00
9.310 8.044e+00
9.360 8.178e+00
9.410 8.313e+00
9.460 8.450e+00
9.510 8.588e+00
9.560 8.726e+00
9.610 8.866e+00
9.660 9.008e+00
9.710 9.150e+00
9.760 9.294e+00
9.810 9.439e+00
9.860 9.585e+00
9.910 9.732e+00
9.960 9.880e+00
10.010 1.000e+01
10.060 1.000e+01
10.110 1.000e+01
10.160 1.000e+01
10.210 1.000e+01
10.260 1.000e+01
10.310 1.000e+01
10.360 1.000e+01
10.410 1.000e+01
10.460 1.000e+01
10.510 1.000e+01
10.560 1.000e+01
10.610 1.000e+01
10.660 1.000e+01
10.710 1.000e+01
10.760 1.000e+01
10.810 1.000e+01
10.860 1.000e+01
10.910 1.000e+01
10.960 1.000e+01
11.010 1.000e+01
11.060 1.000e+01
11.110 1.000e+01
11.160 1.000e+01
11.210 1.000e+01
11.260 1.000e+01
11.310 1.000e+01
11.360 1.000e+01
11.410 1.000e+01
11.460 1.000e+01
11.510 1.000e+01
11.560 1.000e+01
11.610 1.000e+01
11.660 1.000e+01
11.710 1.000e+01
11.760 1.000e+01
11.810 1.000e+01
11.860 1.000e+01
11.910 1.000e+01
11.960 1.000e+01
12.010 1.000e+01
12.060 1.000e+01
12.110 1.000e+01
12.160 1.000e+01
12.210 1.000e+01
12.260 1.000e+01
12.310 1.000e+01
12.360 1.000e+01
12.410 1.000e+01
12.460 1.000e+01
12.510 1.000e+01
12.560 1.000e+01
12.610 1.000e+01
12.660 1.000e+01
12.710 1.000e+01
12.760 1.000e+01
12.810 1.000e+01
12.860 1.000e+01
12.910 1.000e+01
12.960 1.000e+01
13.010 1.000e+01
13.060 1.000e+01
13.110 1.000e+01
13.160 1.000e+01
13.210 1.000e+01
13.260 1.000e+01
13.310 1.000e+01
13.360 1.000e+01
13.410 1.000e+01
13.460 1.000e+01
13.510 1.000e+01
13.560 1.000e+01
13.610 1.000e+01
13.660 1.000e+01
13.710 1.000e+01
13.760 1.000e+01
13.810 1.000e+01
13.860 1.000e+01
13.910 1.000e+01
13.960 1.000e+01
14.010 1.000e+01
14.060 1.000e+01
14.110 1.000e+01
14.160 1.000e+01
14.210 1.000e+01
14.260 1.000e+01
14.310 1.000e+01
14.360 1.000e+01
14.410 1.000e+01
14.460 1.000e+01
14.510 1.000e+01
14.560 1.000e+01
14.610 1.000e+01
14.660 1.000e+01
14.710 1.000e+01
14.760 1.000e+01
14.810 1.000e+01
14.860 1.000e+01
14.910 1.000e+01
14.960 1.000e+01
15.010 1.000e+01
15.060 1.000e+01
15.110 1.000e+01
15.160 1.000e+01
15.210 1.000e+01
15.260 1.000e+01
15.310 1.000e+01
15.360 1.000e+01
15.410 1.000e+01
15.460 1.000e+01
15.510 1.000e+01
15.560 1.000e+01
15.610 1.000e+01
15.660 1.000e+01
15.710 1.000e+01
15.760 1.000e+01
15.810 1.000e+01
15.860 1.000e+01
15.910 1.000e+01
15.960 1.000e+01
16.010 1.000e+01
16.060 1.000e+01
16.110 1.000e+01
16.160 1.000e+01
16.210 1.000e+01
16.260 1.000e+01
16.310 1.000e+01
16.360 1.000e+01
16.410 1.000e+01
16.460 1.000e+01
16.510 1.000e+01
16.560 1.000e+01
16.610 1.000e+01
16.660 1.000e+01
16.710 1.000e+01
16.760 1.000e+01
16.810 1.000e+01
16.860 1.000e+01
16.910 1.000e+01
16.960 1.000e+01
17.010 1.000e+01
17.060 1.000e+01
17.110 1.000e+01
17.160 1.000e+01
17.210 1.000e+01
17.260 1.000e+01
17.310 1.000e+01
17.360 1.000e+01
17.410 1.000e+01
17.460 1.000e+01
17.510 1.000e+01
17.560 1.000e+01
17.610 1.000e+01
17.660 1.000e+01
17.710 1.000e+01
17.760 1.000e+01
17.810 1.000e+01
17.860 1.000e+01
17.910 1.000e+01
17.960 1.000e+01
18.010 1.000e+01
18.060 1.000e+01
18.110 1.000e+01
18.160 1.000e+01
18.210 1.000e+01
18.260 1.000e+01
18.310 1.000e+01
18.360 1.000e+01
18.410 1.000e+01
18.460 1.000e+01
18.510 1.000e+01
18.560 1.000e+01
18.610 1.000e+01
18.660 1.000e+01
18.710 1.000e+01
18.760 1.000e+01
18.810 1.000e+01
18.860 1.000e+01
18.910 1.000e+01
18.960 1.000e+01
19.010 1.000e+01
19.060 1.000e+01
19.110 1.000e+01
19.160 1.000e+01
19.210 1.000e+01
19.260 1.000e+01
19.310 1.000e+01
19.360 1.000e+01
19.410 1.000e+01
19.460 1.000e+01
19.510 1.000e+01
19.560 1.000e+01
19.610 1.000e+01
19.660 1.000e+01
19.710 1.000e+01
19.760 1.000e+01
19.810 1.000e+01
19.860 1.000e+01
19.910 1.000e+01
19.960 1.000e+01
20.010 1.000e+01
20.060 1.000e+01
20.110 1.000e+01
20.160 1.000e+01
20.210 1.000e+01
20.260 1.000e+01
20.310 1.000e+01
20.360 1.000e+01
20.410 1.000e+01
20.460 1.000e+01
20.510 1.000e+01
20.560 1.000e+01
20.610 1.000e+01
20.660 1.000e+01
20.710 1.000e+01
20.760 1.000e+01
20.810 1.000e+01
20.860 1.000e+01
20.910 1.000e+01
20.960 1.000e+01
21.010 1.000e+01
21.060 1.000e+01
21.110 1.000e+01
21.160 1.000e+01
21.210 1.000e+01
21.260 1.000e+01
21.310 1.000e+01
21.360 1.000e+01
21.410 1.000e+01
21.460 1.000e+01
21.510 1.000e+01
21.560 1.000e+01
21.610 1.000e+01
21.660 1.000e+01
21.710 1.000e+01
21.760 1.000e+01
21.810 1.000e+01
21.860 1.000e+01
21.910 1.000e+01
21.960 1.000e+01
22.010 1.000e+01
22.060 1.000e+01
22.110 1.000e+01
22.160 1.000e+01
22.210 1.000e+01
22.260 1.000e+01
22.310 1.000e+01
22.360 1.000e+01
22.410 1.000e+01
22.460 1.000e+01
22.510 1.000e+01
22.560 1.000e+01
22.610 1.000e+01
22.660 1.000e+01
22.710 1.000e+01
22.760 1.000e+01
22.810 1.000e+01
22.860 1.000e+01
22.910 1.000e+01
22.960 1.000e+01
23.010 1.000e+01
23.060 1.000e+01
23.110 1.000e+01
23.160 1.000e+01
23.210 1.000e+01
23.260 1.000e+01
23.310 1.000e+01
23.360 1.000e+01
23.410 1.000e+01
23.460 1.000e+01
23.510 1.000e+01
23.560 1.000e+01
23.610 1.000e+01
23.660 1.000e+01
23.710 1.000e+01
23.760 1.000e+01
23.810 1.000e+01
23.860 1.000e+01
23.910 1.000e+01
23.960 1.000e+01
24.010 1.000e+01
24.060 1.000e+01
24.110 1.000e+01
24.160 1.000e+01
24.210 1.000e+01
24.260 1.000e+01
24.310 1.000e+01
24.360 1.000e+01
24.410 1.000e+01
24.460 1.000e+01
24.510 1.000e+01
24.560 1.000e+01
24.610 1.000e+01
24.660 1.000e+01
24.710 1.000e+01
24.760 1.000e+01
24.810 1.000e+01
24.860 1.000e+01
24.910 1.000e+01
24.960 1.000e+01
25.010 1.000e+01
25.060 1.000e+01
25.110 1.000e+01
25.160 1.000e+01
25.210 1.000e+01
25.260 1.000e+01
25.310 1.000e+01
25.360 1.000e+01
25.410 1.000e+01
25.460 1.000e+01
25.510 1.000e+01
25.560 1.000e+01
25.610 1.000e+01
25.660 1.000e+01
25.710 1.000e+01
25.760 1.000e+01
25.810 1.000e+01
25.860 1.000e+01
25.910 1.000e+01
25.960 1.000e+01
26.010 1.000e+01
26.060 1.000e+01
26.110 1.000e+01
26.160 1.000e+01
26.210 1.000e+01
26.260 1.000e+01
26.310 1.000e+01
26.360 1.000e+01
26.410 1.000e+01
26.460 1.000e+01
26.510 1.000e+01
26.560 1.000e+01
26.610 1.000e+01
26.660 1.000e+01
26.710 1.000e+01
26.760 1.000e+01
26.810 1.000e+01
26.860 1.000e+01
26.910 1.000e+01
26.960 1.000e+01
27.010 1.000e+01
27.060 1.000e+01
27.110 1.000e+01
27.160 1.000e+01
27.210 1.000e+01
27.260 1.000e+01
27.310 1.000e+01
27.360 1.000e+01
27.410 1.000e+01
27.460 1.000e+01
27.510 1.000e+01
27.560 1.000e+01
27.610 1.000e+01
27.660 1.000e+01
27.710 1.000e+01
27.760 1.000e+01
27.810 1.000e+01
27.860 1.000e+01
27.910 1.000e+01
27.960 1.000e+01
28.010 1.000e+01
28.060 1.000e+01
28.110 1.000e+01
28.160 1.000e+01
28.210 1.000e+01
28.260 1.000e+01
28.310 1.000e+01
28.360 1.000e+01
28.410 1.000e+01
28.460 1.000e+01
28.510 1.000e+01
28.560 1.000e+01
28.610 1.000e+01
28.660 1.000e+01
28.710 1.000e+01
28.760 1.000e+01
28.810 1.000e+01
28.860 1.000e+01
28.910 1.000e+01
28.960 1.000e+01
29.010 1.000e+01
29.060 1.000e+01
29.110 1.000e+01
29.160 1.000e+01
29.210 1.000e+01
29.260 1.000e+01
29.310 1.000e+01
29.360 1.000e+01
29.410 1.000e+01
29.460 1.000e+01
29.510 1.000e+01
29.560 1.000e+01
29.610 1.000e+01
29.660 1.000e+01
29.710 1.000e+01
29.760 1.000e+01
29.810 1.000e+01
29.860 1.000e+01
29.910 1.000e+01
29.960 1.000e+01
30.010 1.000e+01
30.060 1.000e+01
30.110 1.000e+01
30.160 1.000e+01
30.210 1.000e+01
30.260 1.000e+01
30.310 1.000e+01
30.360 1.000e+01
30.410 1.000e+01
30.460 1.000e+01
30.510 1.000e+01
30.560 1.000e+01
30.610 1.000e+01
30.660 1.000e+01
30.710 1.000e+01
30.760 1.000e+01
30.810 1.000e+01
30.860 1.000e+01
30.910 1.000e+01
30.960 1.000e+01
31.010 1.000e+01
31.060 1.000e+01
31.110 1.000e+01
31.160 1.000e+01
31.210 1.000e+01
31.260 1.000e+01
31.310 1.000e+01
31.360 1.000e+01
31.410 1.000e+01
31.460 1.000e+01
31.510 1.000e+01
31.560 1.000e+01
31.610 1.000e+01
31.660 1.000e+01
31.710 1.000e+01
31.760 1.000e+01
31.810 1.000e+01
31.860 1.000e+01
31.910 1.000e+01
31.960 1.000e+01
32.010 1.000e+01
32.060 1.000e+01
32.110 1.000e+01
32.160 1.000e+01
32.210 1.000e+01
32.260 1.000e+01
32.310 1.000e+01
32.360 1.000e+01
32.410 1.000e+01
32.460 1.000e+01
32.510 1.000e+01
32.560 1.000e+01
32.610 1.000e+01
32.660 1.000e+01
32.710 1.000e+01
32.760 1.000e+01
32.810 1.000e+01
32.860 1.000e+01
32.910 1.000e+01
32.960 1.000e+01
33.010 1.000e+01
33.060 1.000e+01
33.110 1.000e+01
33.160 1.000e+01
33.210 1.000e+01
33.260 1.000e+01
33.310 1.000e+01
33.360 1.000e+01
33.410 1.000e+01
33.460 1.000e+01
33.510 1.000e+01
33.560 1.000e+01
33.610 1.000e+01
33.660 1.000e+01
33.710 1.000e+01
33.760 1.000e+01
33.810 1.000e+01
33.860 1.000e+01
33.910 1.000e+01
33.960 1.000e+01
34.010 1.000e+01
34.060 1.000e+01
34.110 1.000e+01
34.160 1.000e+01
34.210 1.000e+01
34.260 1.000e+01
34.310 1.000e+01
34.360 1.000e+01
34.410 1.000e+01
34.460 1.000e+01
34.510 1.000e+01
34.560 1.000e+01
34.610 1.000e+01
34.660 1.000e+01
34.710 1.000e+01
34.760 1.000e+01
34.810 1.000e+01
34.860 1.000e+01
34.910 1.000e+01
34.960 1.000e+01
35.010 1.000e+01
35.060 1.000e+01
35.110 1.000e+01
35.160 1.000e+01
35.210 1.000e+01
35.260 1.000e+01
35.310 1.000e+01
35.360 1.000e+01
35.410 1.000e+01
35.460 1.000e+01
35.510 1.000e+01
35.560 1.000e+01
35.610 1.000e+01
35.660 1.000e+01
35.710 1.000e+01
35.760 1.000e+01
35.810 1.000e+01
35.860 1.000e+01
35.910 1.000e+01
35.960 1.000e+01
36.010 1.000e+01
36.060 1.000e+01
36.110 1.000e+01
36.160 1.000e+01
36.210 1.000e+01
36.260 1.000e+01
36.310 1.000e+01
36.360 1.000e+01
36.410 1.000e+01
36.460 1.000e+01
36.510 1.000e+01
36.560 1.000e+01
36.610 1.000e+01
36.660 1.000e+01
36.710 1.000e+01
36.760 1.000e+01
36.810 1.000e+01
36.860 1.000e+01
36.910 1.000e+01
36.960 1.000e+01
37.010 1.000e+01
37.060 1.000e+01
37.110 1.000e+01
37.160 1.000e+01
37.210 1.000e+01
37.260 1.000e+01
37.310 1.000e+01
37.360 1.000e+01
37.410 1.000e+01
37.460 1.000e+01
37.510 1.000e+01
37.560 1.000e+01
37.610 1.000e+01
37.660 1.000e+01
37.710 1.000e+01
37.760 1.000e+01
37.810 1.000e+01
37.860 1.000e+01
37.910 1.000e+01
37.960 1.000e+01
38.010 1.000e+01
38.060 1.000e+01
38.110 1.000e+01
38.160 1.000e+01
38.210 1.000e+01
38.260 1.000e+01
38.310 1.000e+01
38.360 1.000e+01
38.410 1.000e+01
38.460 1.000e+01
38.510 1.000e+01
38.560 1.000e+01
38.610 1.000e+01
38.660 1.000e+01
38.710 1.000e+01
38.760 1.000e+01
38.810 1.000e+01
38.860 1.000e+01
38.910 1.000e+01
38.960 1.000e+01
39.010 1.000e+01
39.060 1.000e+01
39.110 1.000e+01
39.160 1.000e+01
39.210 1.000e+01
39.260 1.000e+01
39.310 1.000e+01
39.360 1.000e+01
39.410 1.000e+01
39.460 1.000e+01
39.510 1.000e+01
39.560 1.000e+01
39.610 1.000e+01
39.660 1.000e+01
39.710 1.000e+01
39.760 1.000e+01
39.810 1.000e+01
39.860 1.000e+01
39.910 1.000e+01
39.960 1.000e+01
40.010 1.000e+01
40.060 1.000e+01
40.110 1.000e+01
40.160 1.000e+01
40.210 1.000e+01
40.260 1.000e+01
40.310 1.000e+01
40.360 1.000e+01
40.410 1.000e+01
40.460 1.000e+01
40.510 1.000e+01
40.560 1.000e+01
40.610 1.000e+01
40.660 1.000e+01
40.710 1.000e+01
40.760 1.000e+01
40.810 1.000e+01
40.860 1.000e+01
40.910 1.000e+01
40.960 1.000e+01
41.010 1.000e+01
41.060 1.000e+01
41.110 1.000e+01
41.160 1.000e+01
41.210 1.000e+01
41.260 1.000e+01
41.310 1.000e+01
41.360 1.000e+01
41.410 1.000e+01
41.460 1.000e+01
41.510 1.000e+01
41.560 1.000e+01
41.610 1.000e+01
41.660 1.000e+01
41.710 1.000e+01
41.760 1.000e+01
41.810 1.000e+01
41.860 1.000e+01
41.910 1.000e+01
41.960 1.000e+01
42.010 1.000e+01
42.060 1.000e+01
42.110 1.000e+01
42.160 1.000e+01
42.210 1.000e+01
42.260 1.000e+01
42.310 1.000e+01
42.360 1.000e+01
42.410 1.000e+01
42.460 1.000e+01
42.510 1.000e+01
42.560 1.000e+01
42.610 1.000e+01
42.660 1.000e+01
42.710 1.000e+01
42.760 1.000e+01
42.810 1.000e+01
42.860 1.000e+01
42.910 1.000e+01
42.960 1.000e+01
43.010 1.000e+01
43.060 1.000e+01
43.110 1.000e+01
43.160 1.000e+01
43.210 1.000e+01
43.260 1.000e+01
43.310 1.000e+01
43.360 1.000e+01
43.410 1.000e+01
43.460 1.000e+01
43.510 1.000e+01
43.560 1.000e+01
43.610 1.000e+01
43.660 1.000e+01
43.710 1.000e+01
43.760 1.000e+01
43.810 1.000e+01
43.860 1.000e+01
43.910 1.000e+01
43.960 1.000e+01
44.010 1.000e+01
44.060 1.000e+01
44.110 1.000e+01
44.160 1.000e+01
44.210 1.000e+01
44.260 1.000e+01
44.310 1.000e+01
44.360 1.000e+01
44.410 1.000e+01
44.460 1.000e+01
44.510 1.000e+01
44.560 1.000e+01
44.610 1.000e+01
44.660 1.000e+01
44.710 1.000e+01
44.760 1.000e+01
44.810 1.000e+01
44.860 1.000e+01
44.910 1.000e+01
44.960 1.000e+01
45.010 1.000e+01
45.060 1.000e+01
45.110 1.000e+01
45.160 1.000e+01
45.210 1.000e+01
45.260 1.000e+01
45.310 1.000e+01
45.360 1.000e+01
45.410 1.000e+01
45.460 1.000e+01
45.510 1.000e+01
45.560 1.000e+01
45.610 1.000e+01
45.660 1.000e+01
45.710 1.000e+01
45.760 1.000e+01
45.810 1.000e+01
45.860 1.000e+01
45.910 1.000e+01
45.960 1.000e+01
46.010 1.000e+01
46.060 1.000e+01
46.110 1.000e+01
46.160 1.000e+01
46.210 1.000e+01
46.260 1.000e+01
46.310 1.000e+01
46.360 1.000e+01
46.410 1.000e+01
46.460 1.000e+01
46.510 1.000e+01
46.560 1.000e+01
46.610 1.000e+01
46.660 1.000e+01
46.710 1.000e+01
46.760 1.000e+01
46.810 1.000e+01
46.860 1.000e+01
46.910 1.000e+01
46.960 1.000e+01
47.010 1.000e+01
47.060 1.000e+01
47.110 1.000e+01
47.160 1.000e+01
47.210 1.000e+01
47.260 1.000e+01
47.310 1.000e+01
47.360 1.000e+01
47.410 1.000e+01
47.460 1.000e+01
47.510 1.000e+01
47.560 1.000e+01
47.610 1.000e+01
47.660 1.000e+01
47.710 1.000e+01
47.760 1.000e+01
47.810 1.000e+01
47.860 1.000e+01
47.910 1.000e+01
47.960 1.000e+01
48.010 1.000e+01
48.060 1.000e+01
48.110 1.000e+01
48.160 1.000e+01
48.210 1.000e+01
48.260 1.000e+01
48.310 1.000e+01
48.360 1.000e+01
48.410 1.000e+01
48.460 1.000e+01
48.510 1.000e+01
48.560 1.000e+01
48.610 1.000e+01
48.660 1.000e+01
48.710 1.000e+01
48.760 1.000e+01
48.810 1.000e+01
48.860 1.000e+01
48.910 1.000e+01
48.960 1.000e+01
49.010 1.000e+01
49.060 1.000e+01
49.110 1.000e+01
49.160 1.000e+01
49.210 1.000e+01
49.260 1.000e+01
49.310 1.000e+01
49.360 1.000e+01
49.410 1.000e+01
49.460 1.000e+01
49.510 1.000e+01
49.560 1.000e+01
49.610 1.000e+01
49.660 1.000e+01
49.710 1.000e+01
49.760 1.000e+01
49.810 1.000e+01
49.860 1.000e+01
49.910 1.000e+01
49.960 1.000e+01
50.010 1.000e+01
