50.000000	1.384083e-05
49.950000	1.388243e-05
49.900000	1.392421e-05
49.850000	1.396615e-05
49.800000	1.400826e-05
49.750000	1.405053e-05
49.700000	1.409298e-05
49.650000	1.413560e-05
49.600000	1.417840e-05
49.550000	1.422136e-05
49.500000	1.426450e-05
49.450000	1.430781e-05
49.400000	1.435130e-05
49.350000	1.439497e-05
49.300000	1.443881e-05
49.250000	1.448283e-05
49.200000	1.452703e-05
49.150000	1.457141e-05
49.100000	1.461597e-05
49.050000	1.466071e-05
49.000000	1.470564e-05
48.950000	1.475075e-05
48.900000	1.479604e-05
48.850000	1.484152e-05
48.800000	1.488719e-05
48.750000	1.493304e-05
48.700000	1.497908e-05
48.650000	1.502531e-05
48.600000	1.507174e-05
48.550000	1.511835e-05
48.500000	1.516516e-05
48.450000	1.521216e-05
48.400000	1.525935e-05
48.350000	1.530674e-05
48.300000	1.535432e-05
48.250000	1.540211e-05
48.200000	1.545009e-05
48.150000	1.549827e-05
48.100000	1.554665e-05
48.050000	1.559524e-05
48.000000	1.564402e-05
47.950000	1.569301e-05
47.900000	1.574221e-05
47.850000	1.579161e-05
47.800000	1.584121e-05
47.750000	1.589103e-05
47.700000	1.594105e-05
47.650000	1.599129e-05
47.600000	1.604173e-05
47.550000	1.609239e-05
47.500000	1.614326e-05
47.450000	1.619435e-05
47.400000	1.624565e-05
47.350000	1.629717e-05
47.300000	1.634891e-05
47.250000	1.640086e-05
47.200000	1.645304e-05
47.150000	1.650544e-05
47.100000	1.655806e-05
47.050000	1.661090e-05
47.000000	1.666397e-05
46.950000	1.671727e-05
46.900000	1.677079e-05
46.850000	1.682454e-05
46.800000	1.687853e-05
46.750000	1.693274e-05
46.700000	1.698719e-05
46.650000	1.704187e-05
46.600000	1.709678e-05
46.550000	1.715193e-05
46.500000	1.720732e-05
46.450000	1.726295e-05
46.400000	1.731881e-05
46.350000	1.737492e-05
46.300000	1.743127e-05
46.250000	1.748787e-05
46.200000	1.754471e-05
46.150000	1.760180e-05
46.100000	1.765913e-05
46.050000	1.771672e-05
46.000000	1.777455e-05
45.950000	1.783264e-05
45.900000	1.789098e-05
45.850000	1.794957e-05
45.800000	1.800842e-05
45.750000	1.806753e-05
45.700000	1.812690e-05
45.650000	1.818653e-05
45.600000	1.824642e-05
45.550000	1.830657e-05
45.500000	1.836699e-05
45.450000	1.842767e-05
45.400000	1.848862e-05
45.350000	1.854984e-05
45.300000	1.861133e-05
45.250000	1.867310e-05
45.200000	1.873513e-05
45.150000	1.879745e-05
45.100000	1.886003e-05
45.050000	1.892290e-05
45.000000	1.898605e-05
44.950000	1.904948e-05
44.900000	1.911319e-05
44.850000	1.917718e-05
44.800000	1.924146e-05
44.750000	1.930603e-05
44.700000	1.937089e-05
44.650000	1.943604e-05
44.600000	1.950148e-05
44.550000	1.956721e-05
44.500000	1.963324e-05
44.450000	1.969957e-05
44.400000	1.976620e-05
44.350000	1.983313e-05
44.300000	1.990036e-05
44.250000	1.996790e-05
44.200000	2.003574e-05
44.150000	2.010388e-05
44.100000	2.017234e-05
44.050000	2.024111e-05
44.000000	2.031019e-05
43.950000	2.037959e-05
43.900000	2.044930e-05
43.850000	2.051934e-05
43.800000	2.058969e-05
43.750000	2.066036e-05
43.700000	2.073136e-05
43.650000	2.080268e-05
43.600000	2.087433e-05
43.550000	2.094632e-05
43.500000	2.101863e-05
43.450000	2.109127e-05
43.400000	2.116425e-05
43.350000	2.123757e-05
43.300000	2.131123e-05
43.250000	2.138522e-05
43.200000	2.145956e-05
43.150000	2.153425e-05
43.100000	2.160928e-05
43.050000	2.168466e-05
43.000000	2.176039e-05
42.950000	2.183648e-05
42.900000	2.191292e-05
42.850000	2.198972e-05
42.800000	2.206687e-05
42.750000	2.214439e-05
42.700000	2.222227e-05
42.650000	2.230052e-05
42.600000	2.237914e-05
42.550000	2.245812e-05
42.500000	2.253748e-05
42.450000	2.261721e-05
42.400000	2.269732e-05
42.350000	2.277780e-05
42.300000	2.285867e-05
42.250000	2.293992e-05
42.200000	2.302156e-05
42.150000	2.310358e-05
42.100000	2.318600e-05
42.050000	2.326881e-05
42.000000	2.335201e-05
41.950000	2.343561e-05
41.900000	2.351961e-05
41.850000	2.360401e-05
41.800000	2.368881e-05
41.750000	2.377402e-05
41.700000	2.385964e-05
41.650000	2.394568e-05
41.600000	2.403212e-05
41.550000	2.411898e-05
41.500000	2.420627e-05
41.450000	2.429397e-05
41.400000	2.438210e-05
41.350000	2.447065e-05
41.300000	2.455964e-05
41.250000	2.464905e-05
41.200000	2.473890e-05
41.150000	2.482919e-05
41.100000	2.491992e-05
41.050000	2.501109e-05
41.000000	2.510271e-05
40.950000	2.519477e-05
40.900000	2.528728e-05
40.850000	2.538025e-05
40.800000	2.547368e-05
40.750000	2.556756e-05
40.700000	2.566190e-05
40.650000	2.575671e-05
40.600000	2.585199e-05
40.550000	2.594774e-05
40.500000	2.604396e-05
40.450000	2.614066e-05
40.400000	2.623784e-05
40.350000	2.633550e-05
40.300000	2.643364e-05
40.250000	2.653227e-05
40.200000	2.663140e-05
40.150000	2.673102e-05
40.100000	2.683113e-05
40.050000	2.693175e-05
40.000000	2.703287e-05
39.950000	2.713450e-05
39.900000	2.723663e-05
39.850000	2.733928e-05
39.800000	2.744245e-05
39.750000	6.903761e-06
39.700000	1.745553e-06
39.650000	4.424624e-07
39.600000	2.786035e-05
39.550000	7.044336e-06
39.500000	1.790148e-06
39.450000	4.560785e-07
39.400000	2.828678e-05
39.350000	7.188507e-06
39.300000	1.836118e-06
39.250000	4.701860e-07
39.200000	2.872195e-05
39.150000	7.336385e-06
39.100000	1.883511e-06
39.050000	4.848052e-07
39.000000	2.916609e-05
38.950000	7.488086e-06
38.900000	1.932380e-06
38.850000	4.999575e-07
38.800000	2.961945e-05
38.750000	7.643728e-06
38.700000	1.982779e-06
38.650000	5.156651e-07
38.600000	3.008224e-05
38.550000	7.803435e-06
38.500000	2.034763e-06
38.450000	5.319516e-07
38.400000	3.055473e-05
38.350000	7.967335e-06
38.300000	2.088391e-06
38.250000	5.488413e-07
38.200000	3.103716e-05
38.150000	8.135560e-06
38.100000	2.143724e-06
38.050000	5.663600e-07
38.000000	3.152981e-05
37.950000	8.308249e-06
37.900000	2.200826e-06
37.850000	5.845345e-07
37.800000	3.203293e-05
37.750000	8.485545e-06
37.700000	2.259763e-06
37.650000	6.033931e-07
37.600000	3.254682e-05
37.550000	8.667595e-06
37.500000	2.320604e-06
37.450000	6.229654e-07
37.400000	3.307176e-05
37.350000	8.854554e-06
37.300000	2.383421e-06
37.250000	6.432824e-07
37.200000	3.360805e-05
37.150000	9.046581e-06
37.100000	2.448290e-06
37.050000	6.643766e-07
37.000000	3.415599e-05
36.950000	9.243841e-06
36.900000	2.515289e-06
36.850000	6.862822e-07
36.800000	3.471592e-05
36.750000	9.446508e-06
36.700000	2.584501e-06
36.650000	7.090352e-07
36.600000	3.528815e-05
36.550000	9.654759e-06
36.500000	2.656010e-06
36.450000	7.326730e-07
36.400000	3.587302e-05
36.350000	9.868781e-06
36.300000	2.729907e-06
36.250000	7.572354e-07
36.200000	3.647089e-05
36.150000	1.008877e-05
36.100000	2.806284e-06
36.050000	7.827639e-07
36.000000	3.708212e-05
35.950000	1.031492e-05
35.900000	2.885241e-06
35.850000	8.093021e-07
35.800000	3.770709e-05
35.750000	1.054744e-05
35.700000	2.966878e-06
35.650000	8.368959e-07
35.600000	3.834618e-05
35.550000	1.078655e-05
35.500000	3.051303e-06
35.450000	8.655937e-07
35.400000	3.899979e-05
35.350000	1.103247e-05
35.300000	3.138627e-06
35.250000	8.954460e-07
35.200000	3.966835e-05
35.150000	1.128545e-05
35.100000	3.228967e-06
35.050000	9.265065e-07
35.000000	4.035227e-05
34.950000	1.154571e-05
34.900000	3.322446e-06
34.850000	9.588312e-07
34.800000	4.105200e-05
34.750000	1.181353e-05
34.700000	3.419191e-06
34.650000	9.924793e-07
34.600000	4.176801e-05
34.550000	1.208915e-05
34.500000	3.519336e-06
34.450000	1.027513e-06
34.400000	4.250077e-05
34.350000	1.237286e-05
34.300000	3.623022e-06
34.250000	1.063998e-06
34.200000	4.325076e-05
34.150000	1.266494e-05
34.100000	3.730395e-06
34.050000	1.102004e-06
34.000000	4.401851e-05
33.950000	1.296569e-05
33.900000	3.841610e-06
33.850000	1.141602e-06
33.800000	4.480454e-05
33.750000	1.327542e-05
33.700000	3.956827e-06
33.650000	1.182871e-06
33.600000	4.560939e-05
33.550000	1.359445e-05
33.500000	4.076216e-06
33.450000	1.225891e-06
33.400000	4.643364e-05
33.350000	1.392313e-05
33.300000	4.199954e-06
33.250000	1.270747e-06
33.200000	4.727786e-05
33.150000	1.426180e-05
33.100000	4.328226e-06
33.050000	1.317530e-06
33.000000	4.814268e-05
32.950000	1.461083e-05
32.900000	4.461229e-06
32.850000	1.366335e-06
32.800000	4.902872e-05
32.750000	1.497060e-05
32.700000	4.599166e-06
32.650000	1.417262e-06
32.600000	4.993664e-05
32.550000	1.534152e-05
32.500000	4.742253e-06
32.450000	1.470417e-06
32.400000	5.086711e-05
32.350000	1.572399e-05
32.300000	4.890716e-06
32.250000	1.525913e-06
32.200000	5.182084e-05
32.150000	1.611846e-05
32.100000	5.044790e-06
32.050000	1.583868e-06
32.000000	5.279857e-05
31.950000	1.652537e-05
31.900000	5.204727e-06
31.850000	1.644407e-06
31.800000	5.380105e-05
31.750000	1.694521e-05
31.700000	5.370786e-06
31.650000	1.707662e-06
31.600000	5.482906e-05
31.550000	5.507445e-07
31.500000	1.756971e-06
31.450000	5.587393e-06
31.400000	1.771253e-05
31.350000	5.615125e-05
31.300000	5.822405e-07
31.250000	1.842894e-06
31.200000	5.814567e-06
31.150000	1.828733e-05
31.100000	5.751630e-05
31.050000	6.158119e-07
31.000000	1.933759e-06
30.950000	6.052916e-06
30.900000	1.888564e-05
30.850000	5.892595e-05
30.800000	6.516139e-07
30.750000	2.029894e-06
30.700000	6.303086e-06
30.650000	1.950862e-05
30.600000	6.038204e-05
30.550000	6.898144e-07
30.500000	2.131651e-06
30.450000	6.565766e-06
30.400000	2.015750e-05
30.350000	6.188651e-05
30.300000	7.305959e-07
30.250000	2.239410e-06
30.200000	6.841693e-06
30.150000	2.083358e-05
30.100000	6.344138e-05
30.050000	7.741562e-07
30.000000	2.353577e-06
29.950000	7.131653e-06
29.900000	2.153825e-05
29.850000	6.504877e-05
29.800000	8.207101e-07
29.750000	2.474593e-06
29.700000	7.436485e-06
29.650000	2.227296e-05
29.600000	6.671092e-05
29.550000	8.704910e-07
29.500000	2.602931e-06
29.450000	7.757088e-06
29.400000	2.303928e-05
29.350000	6.843019e-05
29.300000	9.237528e-07
29.250000	2.739101e-06
29.200000	8.094420e-06
29.150000	2.383883e-05
29.100000	7.020905e-05
29.050000	9.807718e-07
29.000000	2.883655e-06
28.950000	8.449509e-06
28.900000	2.467337e-05
28.850000	7.205011e-05
28.800000	1.041849e-06
28.750000	3.037189e-06
28.700000	8.823457e-06
28.650000	2.554476e-05
28.600000	7.395610e-05
28.550000	1.107311e-06
28.500000	3.200344e-06
28.450000	9.217441e-06
28.400000	2.645495e-05
28.350000	7.592991e-05
28.300000	1.177517e-06
28.250000	3.373816e-06
28.200000	9.632724e-06
28.150000	2.740604e-05
28.100000	7.797459e-05
28.050000	1.252856e-06
28.000000	3.558358e-06
27.950000	1.007066e-05
27.900000	2.840027e-05
27.850000	8.009335e-05
27.800000	1.333755e-06
27.750000	3.754785e-06
27.700000	1.053271e-05
27.650000	2.943999e-05
27.600000	8.228958e-05
27.550000	1.420679e-06
27.500000	3.963979e-06
27.450000	1.102044e-05
27.400000	3.052773e-05
27.350000	8.456683e-05
27.300000	1.514138e-06
27.250000	4.186897e-06
27.200000	1.153552e-05
27.150000	3.166617e-05
27.100000	8.692890e-05
27.050000	1.614689e-06
27.000000	4.424579e-06
26.950000	1.207976e-05
26.900000	3.285818e-05
26.850000	8.937976e-05
26.800000	1.722945e-06
26.750000	1.253745e-05
26.700000	6.611412e-07
26.650000	1.277408e-05
26.600000	6.812553e-07
26.550000	1.301610e-05
26.500000	7.020604e-07
26.450000	1.326364e-05
26.400000	7.235830e-07
26.350000	1.351686e-05
26.300000	7.458507e-07
26.250000	1.377589e-05
26.200000	7.688924e-07
26.150000	1.404091e-05
26.100000	7.927380e-07
26.050000	1.431206e-05
26.000000	8.174187e-07
25.950000	1.458953e-05
25.900000	8.429673e-07
25.850000	1.487347e-05
25.800000	8.694177e-07
25.750000	1.516408e-05
25.700000	8.968055e-07
25.650000	1.546152e-05
25.600000	9.251677e-07
25.550000	1.576599e-05
25.500000	9.545430e-07
25.450000	1.607769e-05
25.400000	9.849718e-07
25.350000	1.639680e-05
25.300000	1.016496e-06
25.250000	1.672355e-05
25.200000	1.049160e-06
25.150000	1.705815e-05
25.100000	1.083010e-06
25.050000	1.740081e-05
25.000000	1.118093e-06
24.950000	1.775176e-05
24.900000	1.154460e-06
24.850000	1.811124e-05
24.800000	1.192163e-06
24.750000	1.847950e-05
24.700000	1.231257e-06
24.650000	1.885677e-05
24.600000	1.271799e-06
24.550000	1.924332e-05
24.500000	1.313849e-06
24.450000	1.963943e-05
24.400000	1.357470e-06
24.350000	2.004536e-05
24.300000	1.402726e-06
24.250000	2.046139e-05
24.200000	1.449688e-06
24.150000	3.566668e-06
24.100000	8.739152e-06
24.050000	2.132499e-05
24.000000	5.214673e-05
23.950000	1.575026e-06
23.900000	3.835668e-06
23.850000	9.302381e-06
23.800000	2.246682e-05
23.750000	5.437729e-05
23.700000	1.712688e-06
23.650000	9.783610e-06
23.600000	7.490500e-07
23.550000	1.003509e-05
23.500000	7.781742e-07
23.450000	1.029413e-05
23.400000	8.085620e-07
23.350000	1.056102e-05
23.300000	8.402741e-07
23.250000	1.083601e-05
23.200000	8.733742e-07
23.150000	1.111939e-05
23.100000	9.079293e-07
23.050000	1.141146e-05
23.000000	9.440102e-07
22.950000	1.171251e-05
22.900000	9.816914e-07
22.850000	1.202288e-05
22.800000	1.021051e-06
22.750000	1.234288e-05
22.700000	1.062172e-06
22.650000	1.267286e-05
22.600000	1.105141e-06
22.550000	1.301317e-05
22.500000	1.150051e-06
22.450000	1.336420e-05
22.400000	1.196997e-06
22.350000	1.372633e-05
22.300000	1.246083e-06
22.250000	1.409995e-05
22.200000	1.297415e-06
22.150000	1.448550e-05
22.100000	1.351107e-06
22.050000	1.488340e-05
22.000000	1.407280e-06
21.950000	1.529410e-05
21.900000	1.466060e-06
21.850000	1.571810e-05
21.800000	1.527580e-06
21.750000	1.615587e-05
21.700000	1.591982e-06
21.650000	1.660793e-05
21.600000	1.659415e-06
21.550000	1.707481e-05
21.500000	1.730037e-06
21.450000	3.774773e-05
21.400000	8.300312e-06
21.350000	1.842315e-06
21.300000	8.405307e-05
21.250000	1.857013e-05
21.200000	4.170840e-06
21.150000	9.456683e-07
21.100000	4.097774e-05
21.050000	9.313762e-06
21.000000	2.137154e-06
20.950000	8.981231e-05
20.900000	2.051188e-05
20.850000	4.763673e-06
20.800000	1.117002e-06
20.750000	4.454516e-05
20.700000	1.047112e-05
20.650000	2.485359e-06
20.600000	9.607339e-05
20.550000	2.269468e-05
20.500000	5.452998e-06
20.450000	1.323104e-06
20.400000	4.849183e-05
20.350000	1.179578e-05
20.300000	2.897748e-06
20.250000	1.028897e-04
20.200000	2.515333e-05
20.150000	6.256584e-06
20.100000	1.571811e-06
20.050000	5.286562e-05
20.000000	1.331545e-05
19.950000	3.387576e-06
19.900000	8.705422e-07
19.850000	1.114371e-04
19.800000	5.628138e-05
19.750000	2.878584e-05
19.700000	1.479800e-05
19.650000	7.646203e-06
19.600000	3.971142e-06
19.550000	2.073101e-06
19.500000	1.087852e-06
19.450000	1.208909e-04
19.400000	6.231489e-05
19.350000	3.253736e-05
19.300000	1.707768e-05
19.250000	9.010316e-06
19.200000	4.778866e-06
19.150000	2.547957e-06
19.100000	1.365686e-06
19.050000	1.313687e-04
19.000000	6.914144e-05
18.950000	3.687183e-05
18.900000	1.976764e-05
18.850000	1.065437e-05
18.800000	5.773288e-06
18.750000	3.145212e-06
18.700000	1.722731e-06
18.650000	9.487141e-07
18.600000	9.796969e-07
18.550000	1.011779e-06
18.500000	1.045002e-06
18.450000	1.079410e-06
18.400000	1.115049e-06
18.350000	1.151966e-06
18.300000	1.190211e-06
18.250000	1.229835e-06
18.200000	1.270893e-06
18.150000	1.313439e-06
18.100000	1.357533e-06
18.050000	1.403235e-06
18.000000	1.450608e-06
17.950000	1.499719e-06
17.900000	1.550636e-06
17.850000	1.603431e-06
17.800000	1.658179e-06
17.750000	1.714958e-06
17.700000	1.773849e-06
17.650000	3.247839e-06
17.600000	5.913666e-06
17.550000	1.070763e-05
17.500000	1.927942e-05
17.450000	3.451820e-05
17.400000	6.145334e-05
17.350000	1.087866e-04
17.300000	1.931468e-04
17.250000	1.395499e-06
17.200000	2.499558e-06
17.150000	4.451673e-06
17.100000	7.883129e-06
17.050000	1.387965e-05
17.000000	2.429698e-05
16.950000	4.228717e-05
16.900000	1.240242e-04
16.850000	1.106147e-06
16.800000	3.312559e-06
16.750000	9.688878e-06
16.700000	2.800604e-05
16.650000	7.999729e-05
16.600000	2.278450e-04
16.550000	2.387683e-06
16.500000	6.801550e-06
16.450000	1.914407e-05
16.400000	5.323933e-05
16.350000	1.462779e-04
16.300000	1.757312e-06
16.250000	8.041599e-06
16.200000	3.569302e-05
16.150000	1.555390e-04
16.100000	2.087532e-06
16.050000	9.211662e-06
16.000000	3.941183e-05
15.950000	1.655127e-04
15.900000	2.485127e-06
15.850000	1.056991e-05
15.800000	4.357224e-05
15.750000	2.811575e-04
15.700000	4.729393e-06
15.650000	2.994748e-05
15.600000	1.848800e-04
15.550000	3.389710e-06
15.500000	2.099745e-05
15.450000	1.251656e-04
15.400000	2.503434e-06
15.350000	1.502298e-05
15.300000	1.326901e-04
15.250000	2.897591e-06
15.200000	2.551523e-05
15.150000	2.139365e-04
15.100000	5.105129e-06
15.050000	4.253238e-05
15.000000	3.417486e-04
14.950000	8.919395e-06
14.900000	1.040012e-04
14.850000	2.882847e-06
14.800000	3.328679e-05
14.750000	2.478059e-04
14.700000	7.524161e-06
14.650000	5.416209e-05
14.600000	1.748403e-06
14.550000	1.850663e-05
14.500000	1.829737e-04
14.450000	6.480027e-06
14.400000	6.320718e-05
14.350000	2.382399e-06
14.300000	2.277009e-05
14.250000	2.944404e-04
14.200000	1.219523e-05
14.150000	1.491369e-04
14.100000	6.581342e-06
14.050000	7.882109e-05
14.000000	3.707692e-06
13.950000	6.002679e-05
13.900000	3.011179e-06
13.850000	4.639528e-05
13.800000	2.483113e-06
13.750000	5.023172e-05
13.700000	2.869695e-06
13.650000	5.441683e-05
13.600000	3.319961e-06
13.550000	8.021990e-05
13.500000	5.229183e-06
13.450000	1.165948e-04
13.400000	8.124487e-06
13.350000	2.238523e-04
13.300000	1.668244e-05
13.250000	4.236353e-04
13.200000	3.378245e-05
13.150000	2.787237e-06
13.100000	8.541667e-05
13.050000	7.546780e-06
13.000000	2.694419e-04
12.950000	2.550635e-05
12.900000	2.499772e-06
12.850000	1.055045e-04
12.800000	1.108756e-05
12.750000	5.134765e-04
12.700000	5.789422e-05
12.650000	6.762618e-06
12.600000	3.350871e-04
12.550000	4.202904e-05
12.500000	5.463735e-06
12.450000	3.642855e-04
12.400000	5.089385e-05
12.350000	7.372670e-06
12.300000	4.895888e-04
12.250000	7.628766e-05
12.200000	1.233121e-05
12.150000	2.068001e-06
12.100000	2.039497e-04
12.050000	3.683434e-05
12.000000	6.905183e-06
11.950000	8.483982e-04
11.900000	1.714388e-04
11.850000	3.597618e-05
11.800000	7.841266e-06
11.750000	1.775384e-06
11.700000	2.947857e-04
11.650000	7.205987e-05
11.600000	1.830746e-05
11.550000	4.834839e-06
11.500000	1.137569e-03
11.450000	3.247798e-04
11.400000	9.643621e-05
11.350000	2.978553e-05
11.300000	9.571059e-06
11.250000	3.200220e-06
11.200000	1.084915e-03
11.150000	3.929849e-04
11.100000	1.482019e-04
11.050000	5.819793e-05
11.000000	2.380217e-05
10.950000	1.014053e-05
10.900000	4.501128e-06
10.850000	2.081994e-06
10.800000	1.065364e-03
10.750000	5.354252e-04
10.700000	2.805737e-04
10.650000	1.533300e-04
10.600000	8.740258e-05
10.550000	5.197862e-05
10.500000	3.225639e-05
10.450000	2.089224e-05
10.400000	1.412606e-05
10.350000	9.972730e-06
10.300000	7.352820e-06
10.250000	5.662813e-06
10.200000	4.556601e-06
10.150000	3.831541e-06
10.100000	3.367625e-06
10.050000	3.094472e-06
10.000000	2.973432e-06
9.950000	2.988373e-06
9.900000	3.142063e-06
9.850000	3.456982e-06
9.800000	3.980898e-06
9.750000	4.799188e-06
9.700000	6.058415e-06
9.650000	8.010465e-06
9.600000	1.109604e-05
9.550000	1.610626e-05
9.500000	2.450439e-05
9.450000	3.908618e-05
9.400000	6.537938e-05
9.350000	1.147113e-04
9.300000	2.111691e-04
9.250000	4.079668e-04
9.200000	8.273752e-04
9.150000	1.761881e-03
9.100000	4.998620e-01
9.050000	5.124874e-01
9.000000	5.248225e-01
8.950000	5.366189e-01
8.900000	5.481762e-01
8.850000	5.592531e-01
8.800000	5.701322e-01
8.750000	5.805723e-01
8.700000	5.908515e-01
8.650000	6.008482e-01
8.600000	6.104627e-01
8.550000	6.199494e-01
8.500000	6.291933e-01
8.450000	6.380929e-01
8.400000	6.468950e-01
8.350000	6.554844e-01
8.300000	6.638696e-01
8.250000	6.719528e-01
8.200000	6.799643e-01
8.150000	6.877935e-01
8.100000	6.954471e-01
8.050000	7.029312e-01
8.000000	7.101529e-01
7.950000	7.173241e-01
7.900000	7.243411e-01
7.850000	7.312088e-01
7.800000	7.379316e-01
7.750000	7.445136e-01
7.700000	7.508658e-01
7.650000	7.571864e-01
7.600000	7.633769e-01
7.550000	7.694408e-01
7.500000	7.753811e-01
7.450000	7.812010e-01
7.400000	7.869034e-01
7.350000	7.924910e-01
7.300000	7.978818e-01
7.250000	8.032547e-01
7.200000	8.085198e-01
7.150000	8.136795e-01
7.100000	8.187358e-01
7.050000	8.236909e-01
7.000000	8.285468e-01
6.950000	8.333054e-01
6.900000	8.379686e-01
6.850000	8.425382e-01
6.800000	8.470158e-01
6.750000	8.514031e-01
6.700000	8.556354e-01
6.650000	8.598523e-01
6.600000	8.639831e-01
6.550000	8.680291e-01
6.500000	8.719918e-01
6.450000	8.758726e-01
6.400000	8.796726e-01
6.350000	8.833931e-01
6.300000	8.870354e-01
6.250000	8.906005e-01
6.200000	8.940897e-01
6.150000	8.975040e-01
6.100000	9.008445e-01
6.050000	9.041122e-01
6.000000	9.073081e-01
5.950000	9.104332e-01
5.900000	9.134885e-01
5.850000	9.164301e-01
5.800000	9.193523e-01
5.750000	9.222070e-01
5.700000	9.249952e-01
5.650000	9.277178e-01
5.600000	9.303755e-01
5.550000	9.329691e-01
5.500000	9.354996e-01
5.450000	9.379676e-01
5.400000	9.403740e-01
5.350000	9.427195e-01
5.300000	9.450048e-01
5.250000	9.472308e-01
5.200000	9.493981e-01
5.150000	9.515075e-01
5.100000	9.535596e-01
5.050000	9.555553e-01
5.000000	9.574951e-01
4.950000	9.593797e-01
4.900000	9.612100e-01
4.850000	9.629864e-01
4.800000	9.647098e-01
4.750000	9.663809e-01
4.700000	9.680002e-01
4.650000	9.695684e-01
4.600000	9.710658e-01
4.550000	9.725362e-01
4.500000	9.739573e-01
4.450000	9.753300e-01
4.400000	9.766549e-01
4.350000	9.779327e-01
4.300000	9.791641e-01
4.250000	9.803499e-01
4.200000	9.814907e-01
4.150000	9.825873e-01
4.100000	9.836403e-01
4.050000	9.846506e-01
4.000000	9.856189e-01
3.950000	9.865460e-01
3.900000	9.874325e-01
3.850000	9.882793e-01
3.800000	9.890872e-01
3.750000	9.898569e-01
3.700000	9.905894e-01
3.650000	9.912853e-01
3.600000	9.919456e-01
3.550000	9.925711e-01
3.500000	9.931627e-01
3.450000	9.937213e-01
3.400000	9.942477e-01
3.350000	9.947428e-01
3.300000	9.952076e-01
3.250000	9.956431e-01
3.200000	9.960502e-01
3.150000	9.964298e-01
3.100000	9.967829e-01
3.050000	9.971105e-01
3.000000	9.974137e-01
2.950000	9.976934e-01
2.900000	9.979507e-01
2.850000	9.981866e-01
2.800000	9.984021e-01
2.750000	9.985983e-01
2.700000	9.987762e-01
2.650000	9.989356e-01
2.600000	9.990803e-01
2.550000	9.992098e-01
2.500000	9.993251e-01
2.450000	9.994272e-01
2.400000	9.995171e-01
2.350000	9.995958e-01
2.300000	9.996643e-01
2.250000	9.997234e-01
2.200000	9.997741e-01
2.150000	9.998172e-01
2.100000	9.998536e-01
2.050000	9.998840e-01
2.000000	9.999091e-01
1.950000	9.999297e-01
1.900000	9.999463e-01
1.850000	9.999596e-01
1.800000	9.999701e-01
1.750000	9.999782e-01
1.700000	9.999844e-01
1.650000	9.999891e-01
1.600000	9.999925e-01
1.550000	9.999950e-01
1.500000	9.999968e-01
1.450000	9.999980e-01
1.400000	9.999988e-01
1.350000	9.999993e-01
1.300000	9.999996e-01
1.250000	9.999998e-01
1.200000	9.999999e-01
1.150000	9.999999e-01
1.100000	1.000000e+00
1.050000	1.000000e+00
1.000000	1.000000e+00
0.950000	1.000000e+00
0.900000	1.000000e+00
0.850000	1.000000e+00
0.800000	1.000000e+00
0.750000	1.000000e+00
0.700000	1.000000e+00
0.650000	1.000000e+00
0.600000	1.000000e+00
0.550000	1.000000e+00
0.500000	1.000000e+00
0.450000	1.000000e+00
0.400000	1.000000e+00
0.350000	1.000000e+00
0.300000	1.000000e+00
0.250000	1.000000e+00
0.200000	1.000000e+00
0.150000	1.000000e+00
0.100000	1.000000e+00
0.050000	1.000000e+00
0.000000	1.000000e+00
