0.010000	nan	0.000000e+00
0.034995	nan	0.000000e+00
0.059990	nan	0.000000e+00
0.084985	nan	0.000000e+00
0.109980	nan	0.000000e+00
0.134975	nan	0.000000e+00
0.159970	nan	0.000000e+00
0.184965	nan	0.000000e+00
0.209960	nan	0.000000e+00
0.234955	nan	0.000000e+00
0.259950	nan	0.000000e+00
0.284945	nan	0.000000e+00
0.309940	nan	0.000000e+00
0.334935	nan	0.000000e+00
0.359930	nan	0.000000e+00
0.384925	nan	0.000000e+00
0.409920	nan	0.000000e+00
0.434915	nan	0.000000e+00
0.459910	nan	0.000000e+00
0.484905	nan	0.000000e+00
0.509900	nan	0.000000e+00
0.534895	nan	0.000000e+00
0.559890	nan	0.000000e+00
0.584885	nan	0.000000e+00
0.609880	nan	0.000000e+00
0.634875	nan	0.000000e+00
0.659870	nan	0.000000e+00
0.684865	nan	0.000000e+00
0.709860	nan	0.000000e+00
0.734855	nan	0.000000e+00
0.759850	nan	0.000000e+00
0.784845	nan	0.000000e+00
0.809840	nan	0.000000e+00
0.834835	nan	0.000000e+00
0.859830	nan	0.000000e+00
0.884825	nan	0.000000e+00
0.909820	nan	0.000000e+00
0.934815	nan	0.000000e+00
0.959810	nan	0.000000e+00
0.984805	nan	0.000000e+00
1.009800	nan	0.000000e+00
1.034795	nan	0.000000e+00
1.059790	nan	0.000000e+00
1.084785	nan	0.000000e+00
1.109780	nan	0.000000e+00
1.134775	nan	0.000000e+00
1.159770	nan	0.000000e+00
1.184765	nan	0.000000e+00
1.209760	nan	0.000000e+00
1.234755	nan	0.000000e+00
1.259750	nan	0.000000e+00
1.284745	nan	0.000000e+00
1.309740	nan	0.000000e+00
1.334735	nan	0.000000e+00
1.359730	nan	0.000000e+00
1.384725	nan	0.000000e+00
1.409720	nan	0.000000e+00
1.434715	nan	0.000000e+00
1.459710	nan	0.000000e+00
1.484705	nan	0.000000e+00
1.509700	nan	0.000000e+00
1.534695	nan	0.000000e+00
1.559690	nan	0.000000e+00
1.584685	nan	0.000000e+00
1.609680	nan	0.000000e+00
1.634675	nan	0.000000e+00
1.659670	nan	0.000000e+00
1.684665	nan	0.000000e+00
1.709660	nan	0.000000e+00
1.734655	nan	0.000000e+00
1.759650	nan	0.000000e+00
1.784645	nan	0.000000e+00
1.809640	nan	0.000000e+00
1.834635	nan	0.000000e+00
1.859630	nan	0.000000e+00
1.884625	nan	0.000000e+00
1.909620	nan	0.000000e+00
1.934615	nan	0.000000e+00
1.959610	nan	0.000000e+00
1.984605	nan	0.000000e+00
2.009600	nan	0.000000e+00
2.034595	nan	0.000000e+00
2.059590	nan	0.000000e+00
2.084585	nan	0.000000e+00
2.109580	nan	0.000000e+00
2.134575	nan	0.000000e+00
2.159570	nan	0.000000e+00
2.184565	nan	0.000000e+00
2.209560	nan	0.000000e+00
2.234555	nan	0.000000e+00
2.259550	nan	0.000000e+00
2.284545	nan	0.000000e+00
2.309540	nan	0.000000e+00
2.334535	nan	0.000000e+00
2.359530	nan	0.000000e+00
2.384525	nan	0.000000e+00
2.409520	nan	0.000000e+00
2.434515	nan	0.000000e+00
2.459510	nan	0.000000e+00
2.484505	nan	0.000000e+00
2.509500	nan	0.000000e+00
2.534495	nan	0.000000e+00
2.559490	nan	0.000000e+00
2.584485	nan	0.000000e+00
2.609480	nan	0.000000e+00
2.634475	nan	0.000000e+00
2.659470	nan	0.000000e+00
2.684465	nan	0.000000e+00
2.709460	nan	0.000000e+00
2.734455	nan	0.000000e+00
2.759450	nan	0.000000e+00
2.784445	nan	0.000000e+00
2.809440	nan	0.000000e+00
2.834435	nan	0.000000e+00
2.859430	nan	0.000000e+00
2.884425	nan	0.000000e+00
2.909420	nan	0.000000e+00
2.934415	nan	0.000000e+00
2.959410	nan	0.000000e+00
2.984405	nan	0.000000e+00
3.009400	nan	0.000000e+00
3.034395	nan	0.000000e+00
3.059390	nan	0.000000e+00
3.084385	nan	0.000000e+00
3.109380	nan	0.000000e+00
3.134375	nan	0.000000e+00
3.159370	nan	0.000000e+00
3.184365	nan	0.000000e+00
3.209360	nan	0.000000e+00
3.234355	nan	0.000000e+00
3.259350	nan	0.000000e+00
3.284345	nan	0.000000e+00
3.309340	nan	0.000000e+00
3.334335	nan	0.000000e+00
3.359330	nan	0.000000e+00
3.384325	nan	0.000000e+00
3.409320	nan	0.000000e+00
3.434315	nan	0.000000e+00
3.459310	nan	0.000000e+00
3.484305	nan	0.000000e+00
3.509300	nan	0.000000e+00
3.534295	nan	0.000000e+00
3.559290	nan	0.000000e+00
3.584285	nan	0.000000e+00
3.609280	nan	0.000000e+00
3.634275	nan	0.000000e+00
3.659270	nan	0.000000e+00
3.684265	nan	0.000000e+00
3.709260	nan	0.000000e+00
3.734255	nan	0.000000e+00
3.759250	nan	0.000000e+00
3.784245	nan	0.000000e+00
3.809240	nan	0.000000e+00
3.834235	nan	0.000000e+00
3.859230	nan	0.000000e+00
3.884225	nan	0.000000e+00
3.909220	nan	0.000000e+00
3.934215	nan	0.000000e+00
3.959210	nan	0.000000e+00
3.984205	nan	0.000000e+00
4.009200	nan	0.000000e+00
4.034195	nan	0.000000e+00
4.059190	nan	0.000000e+00
4.084185	nan	0.000000e+00
4.109180	nan	0.000000e+00
4.134175	nan	0.000000e+00
4.159170	nan	0.000000e+00
4.184165	nan	0.000000e+00
4.209160	nan	0.000000e+00
4.234155	nan	0.000000e+00
4.259150	nan	0.000000e+00
4.284145	nan	0.000000e+00
4.309140	nan	0.000000e+00
4.334135	nan	0.000000e+00
4.359130	nan	0.000000e+00
4.384125	nan	0.000000e+00
4.409120	nan	0.000000e+00
4.434115	nan	0.000000e+00
4.459110	nan	0.000000e+00
4.484105	nan	0.000000e+00
4.509100	nan	0.000000e+00
4.534095	nan	0.000000e+00
4.559090	nan	0.000000e+00
4.584085	nan	0.000000e+00
4.609080	nan	0.000000e+00
4.634075	nan	0.000000e+00
4.659070	nan	0.000000e+00
4.684065	nan	0.000000e+00
4.709060	nan	0.000000e+00
4.734055	nan	0.000000e+00
4.759050	nan	0.000000e+00
4.784045	nan	0.000000e+00
4.809040	nan	0.000000e+00
4.834035	nan	0.000000e+00
4.859030	nan	0.000000e+00
4.884025	nan	0.000000e+00
4.909020	nan	0.000000e+00
4.934015	nan	0.000000e+00
4.959010	nan	0.000000e+00
4.984005	nan	0.000000e+00
5.009000	nan	0.000000e+00
5.033995	nan	0.000000e+00
5.058990	nan	0.000000e+00
5.083985	nan	0.000000e+00
5.108980	nan	0.000000e+00
5.133975	nan	0.000000e+00
5.158970	nan	0.000000e+00
5.183965	nan	0.000000e+00
5.208960	nan	0.000000e+00
5.233955	nan	0.000000e+00
5.258950	nan	0.000000e+00
5.283945	nan	0.000000e+00
5.308940	nan	0.000000e+00
5.333935	nan	0.000000e+00
5.358930	nan	0.000000e+00
5.383925	nan	0.000000e+00
5.408920	nan	0.000000e+00
5.433915	nan	0.000000e+00
5.458910	nan	0.000000e+00
5.483905	nan	0.000000e+00
5.508900	nan	0.000000e+00
5.533895	nan	0.000000e+00
5.558890	nan	0.000000e+00
5.583885	nan	0.000000e+00
5.608880	nan	0.000000e+00
5.633875	nan	0.000000e+00
5.658870	nan	0.000000e+00
5.683865	nan	0.000000e+00
5.708860	nan	0.000000e+00
5.733855	nan	0.000000e+00
5.758850	nan	0.000000e+00
5.783845	nan	0.000000e+00
5.808840	nan	0.000000e+00
5.833835	nan	0.000000e+00
5.858830	nan	0.000000e+00
5.883825	nan	0.000000e+00
5.908820	nan	0.000000e+00
5.933815	nan	0.000000e+00
5.958810	nan	0.000000e+00
5.983805	nan	0.000000e+00
6.008800	nan	0.000000e+00
6.033795	nan	0.000000e+00
6.058790	nan	0.000000e+00
6.083785	nan	0.000000e+00
6.108780	nan	0.000000e+00
6.133775	nan	0.000000e+00
6.158770	nan	0.000000e+00
6.183765	nan	0.000000e+00
6.208760	nan	0.000000e+00
6.233755	nan	0.000000e+00
6.258750	nan	0.000000e+00
6.283745	nan	0.000000e+00
6.308740	nan	0.000000e+00
6.333735	nan	0.000000e+00
6.358730	nan	0.000000e+00
6.383725	nan	0.000000e+00
6.408720	nan	0.000000e+00
6.433715	nan	0.000000e+00
6.458710	nan	0.000000e+00
6.483705	nan	0.000000e+00
6.508700	nan	0.000000e+00
6.533695	nan	0.000000e+00
6.558690	nan	0.000000e+00
6.583685	nan	0.000000e+00
6.608680	nan	0.000000e+00
6.633675	nan	0.000000e+00
6.658670	nan	0.000000e+00
6.683665	nan	0.000000e+00
6.708660	nan	0.000000e+00
6.733655	nan	0.000000e+00
6.758650	nan	0.000000e+00
6.783645	nan	0.000000e+00
6.808640	nan	0.000000e+00
6.833635	nan	0.000000e+00
6.858630	nan	0.000000e+00
6.883625	nan	0.000000e+00
6.908620	nan	0.000000e+00
6.933615	nan	0.000000e+00
6.958610	nan	0.000000e+00
6.983605	nan	0.000000e+00
7.008600	nan	0.000000e+00
7.033595	nan	0.000000e+00
7.058590	nan	0.000000e+00
7.083585	nan	0.000000e+00
7.108580	nan	0.000000e+00
7.133575	nan	0.000000e+00
7.158570	nan	0.000000e+00
7.183565	nan	0.000000e+00
7.208560	nan	0.000000e+00
7.233555	nan	0.000000e+00
7.258550	nan	0.000000e+00
7.283545	nan	0.000000e+00
7.308540	nan	0.000000e+00
7.333535	nan	0.000000e+00
7.358530	nan	0.000000e+00
7.383525	nan	0.000000e+00
7.408520	nan	0.000000e+00
7.433515	nan	0.000000e+00
7.458510	nan	0.000000e+00
7.483505	nan	0.000000e+00
7.508500	nan	0.000000e+00
7.533495	nan	0.000000e+00
7.558490	nan	0.000000e+00
7.583485	nan	0.000000e+00
7.608480	nan	0.000000e+00
7.633475	nan	0.000000e+00
7.658470	nan	0.000000e+00
7.683465	nan	0.000000e+00
7.708460	nan	0.000000e+00
7.733455	nan	0.000000e+00
7.758450	nan	0.000000e+00
7.783445	nan	0.000000e+00
7.808440	nan	0.000000e+00
7.833435	nan	0.000000e+00
7.858430	nan	0.000000e+00
7.883425	nan	0.000000e+00
7.908420	nan	0.000000e+00
7.933415	nan	0.000000e+00
7.958410	nan	0.000000e+00
7.983405	nan	0.000000e+00
8.008400	nan	0.000000e+00
8.033395	nan	0.000000e+00
8.058390	nan	0.000000e+00
8.083385	nan	0.000000e+00
8.108380	nan	0.000000e+00
8.133375	nan	0.000000e+00
8.158370	nan	0.000000e+00
8.183365	nan	0.000000e+00
8.208360	nan	0.000000e+00
8.233355	nan	0.000000e+00
8.258350	nan	0.000000e+00
8.283345	nan	0.000000e+00
8.308340	nan	0.000000e+00
8.333335	nan	0.000000e+00
8.358330	nan	0.000000e+00
8.383325	nan	0.000000e+00
8.408320	nan	0.000000e+00
8.433315	nan	0.000000e+00
8.458310	nan	0.000000e+00
8.483305	nan	0.000000e+00
8.508300	nan	0.000000e+00
8.533295	nan	0.000000e+00
8.558290	nan	0.000000e+00
8.583285	nan	0.000000e+00
8.608280	nan	0.000000e+00
8.633275	nan	0.000000e+00
8.658270	nan	0.000000e+00
8.683265	nan	0.000000e+00
8.708260	nan	0.000000e+00
8.733255	nan	0.000000e+00
8.758250	nan	0.000000e+00
8.783245	nan	0.000000e+00
8.808240	nan	0.000000e+00
8.833235	nan	0.000000e+00
8.858230	nan	0.000000e+00
8.883225	nan	0.000000e+00
8.908220	nan	0.000000e+00
8.933215	nan	0.000000e+00
8.958210	nan	0.000000e+00
8.983205	nan	0.000000e+00
9.008200	nan	0.000000e+00
9.033195	nan	0.000000e+00
9.058190	nan	0.000000e+00
9.083185	nan	0.000000e+00
9.108180	nan	0.000000e+00
9.133175	nan	0.000000e+00
9.158170	nan	0.000000e+00
9.183165	nan	0.000000e+00
9.208160	nan	0.000000e+00
9.233155	nan	0.000000e+00
9.258150	nan	0.000000e+00
9.283145	nan	0.000000e+00
9.308140	nan	0.000000e+00
9.333135	nan	0.000000e+00
9.358130	nan	0.000000e+00
9.383125	nan	0.000000e+00
9.408120	nan	0.000000e+00
9.433115	nan	0.000000e+00
9.458110	nan	0.000000e+00
9.483105	nan	0.000000e+00
9.508100	nan	0.000000e+00
9.533095	nan	0.000000e+00
9.558090	nan	0.000000e+00
9.583085	nan	0.000000e+00
9.608080	nan	0.000000e+00
9.633075	nan	0.000000e+00
9.658070	nan	0.000000e+00
9.683065	nan	0.000000e+00
9.708060	nan	0.000000e+00
9.733055	nan	0.000000e+00
9.758050	nan	0.000000e+00
9.783045	nan	0.000000e+00
9.808040	nan	0.000000e+00
9.833035	nan	0.000000e+00
9.858030	nan	0.000000e+00
9.883025	nan	0.000000e+00
9.908020	nan	0.000000e+00
9.933015	nan	0.000000e+00
9.958010	nan	0.000000e+00
9.983005	nan	0.000000e+00
10.008000	nan	0.000000e+00
10.032995	nan	0.000000e+00
10.057990	nan	0.000000e+00
10.082985	nan	0.000000e+00
10.107980	nan	0.000000e+00
10.132975	nan	0.000000e+00
10.157970	nan	0.000000e+00
10.182965	nan	0.000000e+00
10.207960	nan	0.000000e+00
10.232955	nan	0.000000e+00
10.257950	nan	0.000000e+00
10.282945	nan	0.000000e+00
10.307940	nan	0.000000e+00
10.332935	nan	0.000000e+00
10.357930	nan	0.000000e+00
10.382925	nan	0.000000e+00
10.407920	nan	0.000000e+00
10.432915	nan	0.000000e+00
10.457910	nan	0.000000e+00
10.482905	nan	0.000000e+00
10.507900	nan	0.000000e+00
10.532895	nan	0.000000e+00
10.557890	nan	0.000000e+00
10.582885	nan	0.000000e+00
10.607880	nan	0.000000e+00
10.632875	nan	0.000000e+00
10.657870	nan	0.000000e+00
10.682865	nan	0.000000e+00
10.707860	nan	0.000000e+00
10.732855	nan	0.000000e+00
10.757850	nan	0.000000e+00
10.782845	nan	0.000000e+00
10.807840	nan	0.000000e+00
10.832835	nan	0.000000e+00
10.857830	nan	0.000000e+00
10.882825	nan	0.000000e+00
10.907820	nan	0.000000e+00
10.932815	nan	0.000000e+00
10.957810	nan	0.000000e+00
10.982805	nan	0.000000e+00
11.007800	nan	0.000000e+00
11.032795	nan	0.000000e+00
11.057790	nan	0.000000e+00
11.082785	nan	0.000000e+00
11.107780	nan	0.000000e+00
11.132775	nan	0.000000e+00
11.157770	nan	0.000000e+00
11.182765	nan	0.000000e+00
11.207760	nan	0.000000e+00
11.232755	nan	0.000000e+00
11.257750	nan	0.000000e+00
11.282745	nan	0.000000e+00
11.307740	nan	0.000000e+00
11.332735	nan	0.000000e+00
11.357730	nan	0.000000e+00
11.382725	nan	0.000000e+00
11.407720	nan	0.000000e+00
11.432715	nan	0.000000e+00
11.457710	nan	0.000000e+00
11.482705	nan	0.000000e+00
11.507700	nan	0.000000e+00
11.532695	nan	0.000000e+00
11.557690	nan	0.000000e+00
11.582685	nan	0.000000e+00
11.607680	nan	0.000000e+00
11.632675	nan	0.000000e+00
11.657670	nan	0.000000e+00
11.682665	nan	0.000000e+00
11.707660	nan	0.000000e+00
11.732655	nan	0.000000e+00
11.757650	nan	0.000000e+00
11.782645	nan	0.000000e+00
11.807640	nan	0.000000e+00
11.832635	nan	0.000000e+00
11.857630	nan	0.000000e+00
11.882625	nan	0.000000e+00
11.907620	nan	0.000000e+00
11.932615	nan	0.000000e+00
11.957610	nan	0.000000e+00
11.982605	nan	0.000000e+00
12.007600	nan	0.000000e+00
12.032595	nan	0.000000e+00
12.057590	nan	0.000000e+00
12.082585	nan	0.000000e+00
12.107580	nan	0.000000e+00
12.132575	nan	0.000000e+00
12.157570	nan	0.000000e+00
12.182565	nan	0.000000e+00
12.207560	nan	0.000000e+00
12.232555	nan	0.000000e+00
12.257550	nan	0.000000e+00
12.282545	nan	0.000000e+00
12.307540	nan	0.000000e+00
12.332535	nan	0.000000e+00
12.357530	nan	0.000000e+00
12.382525	nan	0.000000e+00
12.407520	nan	0.000000e+00
12.432515	nan	0.000000e+00
12.457510	nan	0.000000e+00
12.482505	nan	0.000000e+00
12.507500	nan	0.000000e+00
12.532495	nan	0.000000e+00
12.557490	nan	0.000000e+00
12.582485	nan	0.000000e+00
12.607480	nan	0.000000e+00
12.632475	nan	0.000000e+00
12.657470	nan	0.000000e+00
12.682465	nan	0.000000e+00
12.707460	nan	0.000000e+00
12.732455	nan	0.000000e+00
12.757450	nan	0.000000e+00
12.782445	nan	0.000000e+00
12.807440	nan	0.000000e+00
12.832435	nan	0.000000e+00
12.857430	nan	0.000000e+00
12.882425	nan	0.000000e+00
12.907420	nan	0.000000e+00
12.932415	nan	0.000000e+00
12.957410	nan	0.000000e+00
12.982405	nan	0.000000e+00
13.007400	nan	0.000000e+00
13.032395	nan	0.000000e+00
13.057390	nan	0.000000e+00
13.082385	nan	0.000000e+00
13.107380	nan	0.000000e+00
13.132375	nan	0.000000e+00
13.157370	nan	0.000000e+00
13.182365	nan	0.000000e+00
13.207360	nan	0.000000e+00
13.232355	nan	0.000000e+00
13.257350	nan	0.000000e+00
13.282345	nan	0.000000e+00
13.307340	nan	0.000000e+00
13.332335	nan	0.000000e+00
13.357330	nan	0.000000e+00
13.382325	nan	0.000000e+00
13.407320	nan	0.000000e+00
13.432315	nan	0.000000e+00
13.457310	nan	0.000000e+00
13.482305	nan	0.000000e+00
13.507300	nan	0.000000e+00
13.532295	nan	0.000000e+00
13.557290	nan	0.000000e+00
13.582285	nan	0.000000e+00
13.607280	nan	0.000000e+00
13.632275	nan	0.000000e+00
13.657270	nan	0.000000e+00
13.682265	nan	0.000000e+00
13.707260	nan	0.000000e+00
13.732255	nan	0.000000e+00
13.757250	nan	0.000000e+00
13.782245	nan	0.000000e+00
13.807240	nan	0.000000e+00
13.832235	nan	0.000000e+00
13.857230	nan	0.000000e+00
13.882225	nan	0.000000e+00
13.907220	nan	0.000000e+00
13.932215	nan	0.000000e+00
13.957210	nan	0.000000e+00
13.982205	nan	0.000000e+00
14.007200	nan	0.000000e+00
14.032195	nan	0.000000e+00
14.057190	nan	0.000000e+00
14.082185	nan	0.000000e+00
14.107180	nan	0.000000e+00
14.132175	nan	0.000000e+00
14.157170	nan	0.000000e+00
14.182165	nan	0.000000e+00
14.207160	nan	0.000000e+00
14.232155	nan	0.000000e+00
14.257150	nan	0.000000e+00
14.282145	nan	0.000000e+00
14.307140	nan	0.000000e+00
14.332135	nan	0.000000e+00
14.357130	nan	0.000000e+00
14.382125	nan	0.000000e+00
14.407120	nan	0.000000e+00
14.432115	nan	0.000000e+00
14.457110	nan	0.000000e+00
14.482105	nan	0.000000e+00
14.507100	nan	0.000000e+00
14.532095	nan	0.000000e+00
14.557090	nan	0.000000e+00
14.582085	nan	0.000000e+00
14.607080	nan	0.000000e+00
14.632075	nan	0.000000e+00
14.657070	nan	0.000000e+00
14.682065	nan	0.000000e+00
14.707060	nan	0.000000e+00
14.732055	nan	0.000000e+00
14.757050	nan	0.000000e+00
14.782045	nan	0.000000e+00
14.807040	nan	0.000000e+00
14.832035	nan	0.000000e+00
14.857030	nan	0.000000e+00
14.882025	nan	0.000000e+00
14.907020	nan	0.000000e+00
14.932015	nan	0.000000e+00
14.957010	nan	0.000000e+00
14.982005	nan	0.000000e+00
15.007000	nan	0.000000e+00
15.031995	nan	0.000000e+00
15.056990	nan	0.000000e+00
15.081985	nan	0.000000e+00
15.106980	nan	0.000000e+00
15.131975	nan	0.000000e+00
15.156970	nan	0.000000e+00
15.181965	nan	0.000000e+00
15.206960	nan	0.000000e+00
15.231955	nan	0.000000e+00
15.256950	nan	0.000000e+00
15.281945	nan	0.000000e+00
15.306940	nan	0.000000e+00
15.331935	nan	0.000000e+00
15.356930	nan	0.000000e+00
15.381925	nan	0.000000e+00
15.406920	nan	0.000000e+00
15.431915	nan	0.000000e+00
15.456910	nan	0.000000e+00
15.481905	nan	0.000000e+00
15.506900	nan	0.000000e+00
15.531895	nan	0.000000e+00
15.556890	nan	0.000000e+00
15.581885	nan	0.000000e+00
15.606880	nan	0.000000e+00
15.631875	nan	0.000000e+00
15.656870	nan	0.000000e+00
15.681865	nan	0.000000e+00
15.706860	nan	0.000000e+00
15.731855	nan	0.000000e+00
15.756850	nan	0.000000e+00
15.781845	nan	0.000000e+00
15.806840	nan	0.000000e+00
15.831835	nan	0.000000e+00
15.856830	nan	0.000000e+00
15.881825	nan	0.000000e+00
15.906820	nan	0.000000e+00
15.931815	nan	0.000000e+00
15.956810	nan	0.000000e+00
15.981805	nan	0.000000e+00
16.006800	nan	0.000000e+00
16.031795	nan	0.000000e+00
16.056790	nan	0.000000e+00
16.081785	nan	0.000000e+00
16.106780	nan	0.000000e+00
16.131775	nan	0.000000e+00
16.156770	nan	0.000000e+00
16.181765	nan	0.000000e+00
16.206760	nan	0.000000e+00
16.231755	nan	0.000000e+00
16.256750	nan	0.000000e+00
16.281745	nan	0.000000e+00
16.306740	nan	0.000000e+00
16.331735	nan	0.000000e+00
16.356730	nan	0.000000e+00
16.381725	nan	0.000000e+00
16.406720	nan	0.000000e+00
16.431715	nan	0.000000e+00
16.456710	nan	0.000000e+00
16.481705	nan	0.000000e+00
16.506700	nan	0.000000e+00
16.531695	nan	0.000000e+00
16.556690	nan	0.000000e+00
16.581685	nan	0.000000e+00
16.606680	nan	0.000000e+00
16.631675	nan	0.000000e+00
16.656670	nan	0.000000e+00
16.681665	nan	0.000000e+00
16.706660	nan	0.000000e+00
16.731655	nan	0.000000e+00
16.756650	nan	0.000000e+00
16.781645	nan	0.000000e+00
16.806640	nan	0.000000e+00
16.831635	nan	0.000000e+00
16.856630	nan	0.000000e+00
16.881625	nan	0.000000e+00
16.906620	nan	0.000000e+00
16.931615	nan	0.000000e+00
16.956610	nan	0.000000e+00
16.981605	nan	0.000000e+00
17.006600	nan	0.000000e+00
17.031595	nan	0.000000e+00
17.056590	nan	0.000000e+00
17.081585	nan	0.000000e+00
17.106580	nan	0.000000e+00
17.131575	nan	0.000000e+00
17.156570	nan	0.000000e+00
17.181565	nan	0.000000e+00
17.206560	nan	0.000000e+00
17.231555	nan	0.000000e+00
17.256550	nan	0.000000e+00
17.281545	nan	0.000000e+00
17.306540	nan	0.000000e+00
17.331535	nan	0.000000e+00
17.356530	nan	0.000000e+00
17.381525	nan	0.000000e+00
17.406520	nan	0.000000e+00
17.431515	nan	0.000000e+00
17.456510	nan	0.000000e+00
17.481505	nan	0.000000e+00
17.506500	nan	0.000000e+00
17.531495	nan	0.000000e+00
17.556490	nan	0.000000e+00
17.581485	nan	0.000000e+00
17.606480	nan	0.000000e+00
17.631475	nan	0.000000e+00
17.656470	nan	0.000000e+00
17.681465	nan	0.000000e+00
17.706460	nan	0.000000e+00
17.731455	nan	0.000000e+00
17.756450	nan	0.000000e+00
17.781445	nan	0.000000e+00
17.806440	nan	0.000000e+00
17.831435	nan	0.000000e+00
17.856430	nan	0.000000e+00
17.881425	nan	0.000000e+00
17.906420	nan	0.000000e+00
17.931415	nan	0.000000e+00
17.956410	nan	0.000000e+00
17.981405	nan	0.000000e+00
18.006400	nan	0.000000e+00
18.031395	nan	0.000000e+00
18.056390	nan	0.000000e+00
18.081385	nan	0.000000e+00
18.106380	nan	0.000000e+00
18.131375	nan	0.000000e+00
18.156370	nan	0.000000e+00
18.181365	nan	0.000000e+00
18.206360	nan	0.000000e+00
18.231355	nan	0.000000e+00
18.256350	nan	0.000000e+00
18.281345	nan	0.000000e+00
18.306340	nan	0.000000e+00
18.331335	nan	0.000000e+00
18.356330	nan	0.000000e+00
18.381325	nan	0.000000e+00
18.406320	nan	0.000000e+00
18.431315	nan	0.000000e+00
18.456310	nan	0.000000e+00
18.481305	nan	0.000000e+00
18.506300	nan	0.000000e+00
18.531295	nan	0.000000e+00
18.556290	nan	0.000000e+00
18.581285	nan	0.000000e+00
18.606280	nan	0.000000e+00
18.631275	nan	0.000000e+00
18.656270	nan	0.000000e+00
18.681265	nan	0.000000e+00
18.706260	nan	0.000000e+00
18.731255	nan	0.000000e+00
18.756250	nan	0.000000e+00
18.781245	nan	0.000000e+00
18.806240	nan	0.000000e+00
18.831235	nan	0.000000e+00
18.856230	nan	0.000000e+00
18.881225	nan	0.000000e+00
18.906220	nan	0.000000e+00
18.931215	nan	0.000000e+00
18.956210	nan	0.000000e+00
18.981205	nan	0.000000e+00
19.006200	nan	0.000000e+00
19.031195	nan	0.000000e+00
19.056190	nan	0.000000e+00
19.081185	nan	0.000000e+00
19.106180	nan	0.000000e+00
19.131175	nan	0.000000e+00
19.156170	nan	0.000000e+00
19.181165	nan	0.000000e+00
19.206160	nan	0.000000e+00
19.231155	nan	0.000000e+00
19.256150	nan	0.000000e+00
19.281145	nan	0.000000e+00
19.306140	nan	0.000000e+00
19.331135	nan	0.000000e+00
19.356130	nan	0.000000e+00
19.381125	nan	0.000000e+00
19.406120	nan	0.000000e+00
19.431115	nan	0.000000e+00
19.456110	nan	0.000000e+00
19.481105	nan	0.000000e+00
19.506100	nan	0.000000e+00
19.531095	nan	0.000000e+00
19.556090	nan	0.000000e+00
19.581085	nan	0.000000e+00
19.606080	nan	0.000000e+00
19.631075	nan	0.000000e+00
19.656070	nan	0.000000e+00
19.681065	nan	0.000000e+00
19.706060	nan	0.000000e+00
19.731055	nan	0.000000e+00
19.756050	nan	0.000000e+00
19.781045	nan	0.000000e+00
19.806040	nan	0.000000e+00
19.831035	nan	0.000000e+00
19.856030	nan	0.000000e+00
19.881025	nan	0.000000e+00
19.906020	nan	0.000000e+00
19.931015	nan	0.000000e+00
19.956010	nan	0.000000e+00
19.981005	nan	0.000000e+00
20.006000	nan	0.000000e+00
20.030995	nan	0.000000e+00
20.055990	nan	0.000000e+00
20.080985	nan	0.000000e+00
20.105980	nan	0.000000e+00
20.130975	nan	0.000000e+00
20.155970	nan	0.000000e+00
20.180965	nan	0.000000e+00
20.205960	nan	0.000000e+00
20.230955	nan	0.000000e+00
20.255950	nan	0.000000e+00
20.280945	nan	0.000000e+00
20.305940	nan	0.000000e+00
20.330935	nan	0.000000e+00
20.355930	nan	0.000000e+00
20.380925	nan	0.000000e+00
20.405920	nan	0.000000e+00
20.430915	nan	0.000000e+00
20.455910	nan	0.000000e+00
20.480905	nan	0.000000e+00
20.505900	nan	0.000000e+00
20.530895	nan	0.000000e+00
20.555890	nan	0.000000e+00
20.580885	nan	0.000000e+00
20.605880	nan	0.000000e+00
20.630875	nan	0.000000e+00
20.655870	nan	0.000000e+00
20.680865	nan	0.000000e+00
20.705860	nan	0.000000e+00
20.730855	nan	0.000000e+00
20.755850	nan	0.000000e+00
20.780845	nan	0.000000e+00
20.805840	nan	0.000000e+00
20.830835	nan	0.000000e+00
20.855830	nan	0.000000e+00
20.880825	nan	0.000000e+00
20.905820	nan	0.000000e+00
20.930815	nan	0.000000e+00
20.955810	nan	0.000000e+00
20.980805	nan	0.000000e+00
21.005800	nan	0.000000e+00
21.030795	nan	0.000000e+00
21.055790	nan	0.000000e+00
21.080785	nan	0.000000e+00
21.105780	nan	0.000000e+00
21.130775	nan	0.000000e+00
21.155770	nan	0.000000e+00
21.180765	nan	0.000000e+00
21.205760	nan	0.000000e+00
21.230755	nan	0.000000e+00
21.255750	nan	0.000000e+00
21.280745	nan	0.000000e+00
21.305740	nan	0.000000e+00
21.330735	nan	0.000000e+00
21.355730	nan	0.000000e+00
21.380725	nan	0.000000e+00
21.405720	nan	0.000000e+00
21.430715	nan	0.000000e+00
21.455710	nan	0.000000e+00
21.480705	nan	0.000000e+00
21.505700	nan	0.000000e+00
21.530695	nan	0.000000e+00
21.555690	nan	0.000000e+00
21.580685	nan	0.000000e+00
21.605680	nan	0.000000e+00
21.630675	nan	0.000000e+00
21.655670	nan	0.000000e+00
21.680665	nan	0.000000e+00
21.705660	nan	0.000000e+00
21.730655	nan	0.000000e+00
21.755650	nan	0.000000e+00
21.780645	nan	0.000000e+00
21.805640	nan	0.000000e+00
21.830635	nan	0.000000e+00
21.855630	nan	0.000000e+00
21.880625	nan	0.000000e+00
21.905620	nan	0.000000e+00
21.930615	nan	0.000000e+00
21.955610	nan	0.000000e+00
21.980605	nan	0.000000e+00
22.005600	nan	0.000000e+00
22.030595	nan	0.000000e+00
22.055590	nan	0.000000e+00
22.080585	nan	0.000000e+00
22.105580	nan	0.000000e+00
22.130575	nan	0.000000e+00
22.155570	nan	0.000000e+00
22.180565	nan	0.000000e+00
22.205560	nan	0.000000e+00
22.230555	nan	0.000000e+00
22.255550	nan	0.000000e+00
22.280545	nan	0.000000e+00
22.305540	nan	0.000000e+00
22.330535	nan	0.000000e+00
22.355530	nan	0.000000e+00
22.380525	nan	0.000000e+00
22.405520	nan	0.000000e+00
22.430515	nan	0.000000e+00
22.455510	nan	0.000000e+00
22.480505	nan	0.000000e+00
22.505500	nan	0.000000e+00
22.530495	nan	0.000000e+00
22.555490	nan	0.000000e+00
22.580485	nan	0.000000e+00
22.605480	nan	0.000000e+00
22.630475	nan	0.000000e+00
22.655470	nan	0.000000e+00
22.680465	nan	0.000000e+00
22.705460	nan	0.000000e+00
22.730455	nan	0.000000e+00
22.755450	nan	0.000000e+00
22.780445	nan	0.000000e+00
22.805440	nan	0.000000e+00
22.830435	nan	0.000000e+00
22.855430	nan	0.000000e+00
22.880425	nan	0.000000e+00
22.905420	nan	0.000000e+00
22.930415	nan	0.000000e+00
22.955410	nan	0.000000e+00
22.980405	nan	0.000000e+00
23.005400	nan	0.000000e+00
23.030395	nan	0.000000e+00
23.055390	nan	0.000000e+00
23.080385	nan	0.000000e+00
23.105380	nan	0.000000e+00
23.130375	nan	0.000000e+00
23.155370	nan	0.000000e+00
23.180365	nan	0.000000e+00
23.205360	nan	0.000000e+00
23.230355	nan	0.000000e+00
23.255350	nan	0.000000e+00
23.280345	nan	0.000000e+00
23.305340	nan	0.000000e+00
23.330335	nan	0.000000e+00
23.355330	nan	0.000000e+00
23.380325	nan	0.000000e+00
23.405320	nan	0.000000e+00
23.430315	nan	0.000000e+00
23.455310	nan	0.000000e+00
23.480305	nan	0.000000e+00
23.505300	nan	0.000000e+00
23.530295	nan	0.000000e+00
23.555290	nan	0.000000e+00
23.580285	nan	0.000000e+00
23.605280	nan	0.000000e+00
23.630275	nan	0.000000e+00
23.655270	nan	0.000000e+00
23.680265	nan	0.000000e+00
23.705260	nan	0.000000e+00
23.730255	nan	0.000000e+00
23.755250	nan	0.000000e+00
23.780245	nan	0.000000e+00
23.805240	nan	0.000000e+00
23.830235	nan	0.000000e+00
23.855230	nan	0.000000e+00
23.880225	nan	0.000000e+00
23.905220	nan	0.000000e+00
23.930215	nan	0.000000e+00
23.955210	nan	0.000000e+00
23.980205	nan	0.000000e+00
24.005200	nan	0.000000e+00
24.030195	nan	0.000000e+00
24.055190	nan	0.000000e+00
24.080185	nan	0.000000e+00
24.105180	nan	0.000000e+00
24.130175	nan	0.000000e+00
24.155170	nan	0.000000e+00
24.180165	nan	0.000000e+00
24.205160	nan	0.000000e+00
24.230155	nan	0.000000e+00
24.255150	nan	0.000000e+00
24.280145	nan	0.000000e+00
24.305140	nan	0.000000e+00
24.330135	nan	0.000000e+00
24.355130	nan	0.000000e+00
24.380125	nan	0.000000e+00
24.405120	nan	0.000000e+00
24.430115	nan	0.000000e+00
24.455110	nan	0.000000e+00
24.480105	nan	0.000000e+00
24.505100	nan	0.000000e+00
24.530095	nan	0.000000e+00
24.555090	nan	0.000000e+00
24.580085	nan	0.000000e+00
24.605080	nan	0.000000e+00
24.630075	nan	0.000000e+00
24.655070	nan	0.000000e+00
24.680065	nan	0.000000e+00
24.705060	nan	0.000000e+00
24.730055	nan	0.000000e+00
24.755050	nan	0.000000e+00
24.780045	nan	0.000000e+00
24.805040	nan	0.000000e+00
24.830035	nan	0.000000e+00
24.855030	nan	0.000000e+00
24.880025	nan	0.000000e+00
24.905020	nan	0.000000e+00
24.930015	nan	0.000000e+00
24.955010	nan	0.000000e+00
24.980005	nan	0.000000e+00
25.005000	nan	0.000000e+00
25.029995	nan	0.000000e+00
25.054990	nan	0.000000e+00
25.079985	nan	0.000000e+00
25.104980	nan	0.000000e+00
25.129975	nan	0.000000e+00
25.154970	nan	0.000000e+00
25.179965	nan	0.000000e+00
25.204960	nan	0.000000e+00
25.229955	nan	0.000000e+00
25.254950	nan	0.000000e+00
25.279945	nan	0.000000e+00
25.304940	nan	0.000000e+00
25.329935	nan	0.000000e+00
25.354930	nan	0.000000e+00
25.379925	nan	0.000000e+00
25.404920	nan	0.000000e+00
25.429915	nan	0.000000e+00
25.454910	nan	0.000000e+00
25.479905	nan	0.000000e+00
25.504900	nan	0.000000e+00
25.529895	nan	0.000000e+00
25.554890	nan	0.000000e+00
25.579885	nan	0.000000e+00
25.604880	nan	0.000000e+00
25.629875	nan	0.000000e+00
25.654870	nan	0.000000e+00
25.679865	nan	0.000000e+00
25.704860	nan	0.000000e+00
25.729855	nan	0.000000e+00
25.754850	nan	0.000000e+00
25.779845	nan	0.000000e+00
25.804840	nan	0.000000e+00
25.829835	nan	0.000000e+00
25.854830	nan	0.000000e+00
25.879825	nan	0.000000e+00
25.904820	nan	0.000000e+00
25.929815	nan	0.000000e+00
25.954810	nan	0.000000e+00
25.979805	nan	0.000000e+00
26.004800	nan	0.000000e+00
26.029795	nan	0.000000e+00
26.054790	nan	0.000000e+00
26.079785	nan	0.000000e+00
26.104780	nan	0.000000e+00
26.129775	nan	0.000000e+00
26.154770	nan	0.000000e+00
26.179765	nan	0.000000e+00
26.204760	nan	0.000000e+00
26.229755	nan	0.000000e+00
26.254750	nan	0.000000e+00
26.279745	nan	0.000000e+00
26.304740	nan	0.000000e+00
26.329735	nan	0.000000e+00
26.354730	nan	0.000000e+00
26.379725	nan	0.000000e+00
26.404720	nan	0.000000e+00
26.429715	nan	0.000000e+00
26.454710	nan	0.000000e+00
26.479705	nan	0.000000e+00
26.504700	nan	0.000000e+00
26.529695	nan	0.000000e+00
26.554690	nan	0.000000e+00
26.579685	nan	0.000000e+00
26.604680	nan	0.000000e+00
26.629675	nan	0.000000e+00
26.654670	nan	0.000000e+00
26.679665	nan	0.000000e+00
26.704660	nan	0.000000e+00
26.729655	nan	0.000000e+00
26.754650	nan	0.000000e+00
26.779645	nan	0.000000e+00
26.804640	nan	0.000000e+00
26.829635	nan	0.000000e+00
26.854630	nan	0.000000e+00
26.879625	nan	0.000000e+00
26.904620	nan	0.000000e+00
26.929615	nan	0.000000e+00
26.954610	nan	0.000000e+00
26.979605	nan	0.000000e+00
27.004600	nan	0.000000e+00
27.029595	nan	0.000000e+00
27.054590	nan	0.000000e+00
27.079585	nan	0.000000e+00
27.104580	nan	0.000000e+00
27.129575	nan	0.000000e+00
27.154570	nan	0.000000e+00
27.179565	nan	0.000000e+00
27.204560	nan	0.000000e+00
27.229555	nan	0.000000e+00
27.254550	nan	0.000000e+00
27.279545	nan	0.000000e+00
27.304540	nan	0.000000e+00
27.329535	nan	0.000000e+00
27.354530	nan	0.000000e+00
27.379525	nan	0.000000e+00
27.404520	nan	0.000000e+00
27.429515	nan	0.000000e+00
27.454510	nan	0.000000e+00
27.479505	nan	0.000000e+00
27.504500	nan	0.000000e+00
27.529495	nan	0.000000e+00
27.554490	nan	0.000000e+00
27.579485	nan	0.000000e+00
27.604480	nan	0.000000e+00
27.629475	nan	0.000000e+00
27.654470	nan	0.000000e+00
27.679465	nan	0.000000e+00
27.704460	nan	0.000000e+00
27.729455	nan	0.000000e+00
27.754450	nan	0.000000e+00
27.779445	nan	0.000000e+00
27.804440	nan	0.000000e+00
27.829435	nan	0.000000e+00
27.854430	nan	0.000000e+00
27.879425	nan	0.000000e+00
27.904420	nan	0.000000e+00
27.929415	nan	0.000000e+00
27.954410	nan	0.000000e+00
27.979405	nan	0.000000e+00
28.004400	nan	0.000000e+00
28.029395	nan	0.000000e+00
28.054390	nan	0.000000e+00
28.079385	nan	0.000000e+00
28.104380	nan	0.000000e+00
28.129375	nan	0.000000e+00
28.154370	nan	0.000000e+00
28.179365	nan	0.000000e+00
28.204360	nan	0.000000e+00
28.229355	nan	0.000000e+00
28.254350	nan	0.000000e+00
28.279345	nan	0.000000e+00
28.304340	nan	0.000000e+00
28.329335	nan	0.000000e+00
28.354330	nan	0.000000e+00
28.379325	nan	0.000000e+00
28.404320	nan	0.000000e+00
28.429315	nan	0.000000e+00
28.454310	nan	0.000000e+00
28.479305	nan	0.000000e+00
28.504300	nan	0.000000e+00
28.529295	nan	0.000000e+00
28.554290	nan	0.000000e+00
28.579285	nan	0.000000e+00
28.604280	nan	0.000000e+00
28.629275	nan	0.000000e+00
28.654270	nan	0.000000e+00
28.679265	nan	0.000000e+00
28.704260	nan	0.000000e+00
28.729255	nan	0.000000e+00
28.754250	nan	0.000000e+00
28.779245	nan	0.000000e+00
28.804240	nan	0.000000e+00
28.829235	nan	0.000000e+00
28.854230	nan	0.000000e+00
28.879225	nan	0.000000e+00
28.904220	nan	0.000000e+00
28.929215	nan	0.000000e+00
28.954210	nan	0.000000e+00
28.979205	nan	0.000000e+00
29.004200	nan	0.000000e+00
29.029195	nan	0.000000e+00
29.054190	nan	0.000000e+00
29.079185	nan	0.000000e+00
29.104180	nan	0.000000e+00
29.129175	nan	0.000000e+00
29.154170	nan	0.000000e+00
29.179165	nan	0.000000e+00
29.204160	nan	0.000000e+00
29.229155	nan	0.000000e+00
29.254150	nan	0.000000e+00
29.279145	nan	0.000000e+00
29.304140	nan	0.000000e+00
29.329135	nan	0.000000e+00
29.354130	nan	0.000000e+00
29.379125	nan	0.000000e+00
29.404120	nan	0.000000e+00
29.429115	nan	0.000000e+00
29.454110	nan	0.000000e+00
29.479105	nan	0.000000e+00
29.504100	nan	0.000000e+00
29.529095	nan	0.000000e+00
29.554090	nan	0.000000e+00
29.579085	nan	0.000000e+00
29.604080	nan	0.000000e+00
29.629075	nan	0.000000e+00
29.654070	nan	0.000000e+00
29.679065	nan	0.000000e+00
29.704060	nan	0.000000e+00
29.729055	nan	0.000000e+00
29.754050	nan	0.000000e+00
29.779045	nan	0.000000e+00
29.804040	nan	0.000000e+00
29.829035	nan	0.000000e+00
29.854030	nan	0.000000e+00
29.879025	nan	0.000000e+00
29.904020	nan	0.000000e+00
29.929015	nan	0.000000e+00
29.954010	nan	0.000000e+00
29.979005	nan	0.000000e+00
30.004000	nan	0.000000e+00
30.028995	nan	0.000000e+00
30.053990	nan	0.000000e+00
30.078985	nan	0.000000e+00
30.103980	nan	0.000000e+00
30.128975	nan	0.000000e+00
30.153970	nan	0.000000e+00
30.178965	nan	0.000000e+00
30.203960	nan	0.000000e+00
30.228955	nan	0.000000e+00
30.253950	nan	0.000000e+00
30.278945	nan	0.000000e+00
30.303940	nan	0.000000e+00
30.328935	nan	0.000000e+00
30.353930	nan	0.000000e+00
30.378925	nan	0.000000e+00
30.403920	nan	0.000000e+00
30.428915	nan	0.000000e+00
30.453910	nan	0.000000e+00
30.478905	nan	0.000000e+00
30.503900	nan	0.000000e+00
30.528895	nan	0.000000e+00
30.553890	nan	0.000000e+00
30.578885	nan	0.000000e+00
30.603880	nan	0.000000e+00
30.628875	nan	0.000000e+00
30.653870	nan	0.000000e+00
30.678865	nan	0.000000e+00
30.703860	nan	0.000000e+00
30.728855	nan	0.000000e+00
30.753850	nan	0.000000e+00
30.778845	nan	0.000000e+00
30.803840	nan	0.000000e+00
30.828835	nan	0.000000e+00
30.853830	nan	0.000000e+00
30.878825	nan	0.000000e+00
30.903820	nan	0.000000e+00
30.928815	nan	0.000000e+00
30.953810	nan	0.000000e+00
30.978805	nan	0.000000e+00
31.003800	nan	0.000000e+00
31.028795	nan	0.000000e+00
31.053790	nan	0.000000e+00
31.078785	nan	0.000000e+00
31.103780	nan	0.000000e+00
31.128775	nan	0.000000e+00
31.153770	nan	0.000000e+00
31.178765	nan	0.000000e+00
31.203760	nan	0.000000e+00
31.228755	nan	0.000000e+00
31.253750	nan	0.000000e+00
31.278745	nan	0.000000e+00
31.303740	nan	0.000000e+00
31.328735	nan	0.000000e+00
31.353730	nan	0.000000e+00
31.378725	nan	0.000000e+00
31.403720	nan	0.000000e+00
31.428715	nan	0.000000e+00
31.453710	nan	0.000000e+00
31.478705	nan	0.000000e+00
31.503700	nan	0.000000e+00
31.528695	nan	0.000000e+00
31.553690	nan	0.000000e+00
31.578685	nan	0.000000e+00
31.603680	nan	0.000000e+00
31.628675	nan	0.000000e+00
31.653670	nan	0.000000e+00
31.678665	nan	0.000000e+00
31.703660	nan	0.000000e+00
31.728655	nan	0.000000e+00
31.753650	nan	0.000000e+00
31.778645	nan	0.000000e+00
31.803640	nan	0.000000e+00
31.828635	nan	0.000000e+00
31.853630	nan	0.000000e+00
31.878625	nan	0.000000e+00
31.903620	nan	0.000000e+00
31.928615	nan	0.000000e+00
31.953610	nan	0.000000e+00
31.978605	nan	0.000000e+00
32.003600	nan	0.000000e+00
32.028595	nan	0.000000e+00
32.053590	nan	0.000000e+00
32.078585	nan	0.000000e+00
32.103580	nan	0.000000e+00
32.128575	nan	0.000000e+00
32.153570	nan	0.000000e+00
32.178565	nan	0.000000e+00
32.203560	nan	0.000000e+00
32.228555	nan	0.000000e+00
32.253550	nan	0.000000e+00
32.278545	nan	0.000000e+00
32.303540	nan	0.000000e+00
32.328535	nan	0.000000e+00
32.353530	nan	0.000000e+00
32.378525	nan	0.000000e+00
32.403520	nan	0.000000e+00
32.428515	nan	0.000000e+00
32.453510	nan	0.000000e+00
32.478505	nan	0.000000e+00
32.503500	nan	0.000000e+00
32.528495	nan	0.000000e+00
32.553490	nan	0.000000e+00
32.578485	nan	0.000000e+00
32.603480	nan	0.000000e+00
32.628475	nan	0.000000e+00
32.653470	nan	0.000000e+00
32.678465	nan	0.000000e+00
32.703460	nan	0.000000e+00
32.728455	nan	0.000000e+00
32.753450	nan	0.000000e+00
32.778445	nan	0.000000e+00
32.803440	nan	0.000000e+00
32.828435	nan	0.000000e+00
32.853430	nan	0.000000e+00
32.878425	nan	0.000000e+00
32.903420	nan	0.000000e+00
32.928415	nan	0.000000e+00
32.953410	nan	0.000000e+00
32.978405	nan	0.000000e+00
33.003400	nan	0.000000e+00
33.028395	nan	0.000000e+00
33.053390	nan	0.000000e+00
33.078385	nan	0.000000e+00
33.103380	nan	0.000000e+00
33.128375	nan	0.000000e+00
33.153370	nan	0.000000e+00
33.178365	nan	0.000000e+00
33.203360	nan	0.000000e+00
33.228355	nan	0.000000e+00
33.253350	nan	0.000000e+00
33.278345	nan	0.000000e+00
33.303340	nan	0.000000e+00
33.328335	nan	0.000000e+00
33.353330	nan	0.000000e+00
33.378325	nan	0.000000e+00
33.403320	nan	0.000000e+00
33.428315	nan	0.000000e+00
33.453310	nan	0.000000e+00
33.478305	nan	0.000000e+00
33.503300	nan	0.000000e+00
33.528295	nan	0.000000e+00
33.553290	nan	0.000000e+00
33.578285	nan	0.000000e+00
33.603280	nan	0.000000e+00
33.628275	nan	0.000000e+00
33.653270	nan	0.000000e+00
33.678265	nan	0.000000e+00
33.703260	nan	0.000000e+00
33.728255	nan	0.000000e+00
33.753250	nan	0.000000e+00
33.778245	nan	0.000000e+00
33.803240	nan	0.000000e+00
33.828235	nan	0.000000e+00
33.853230	nan	0.000000e+00
33.878225	nan	0.000000e+00
33.903220	nan	0.000000e+00
33.928215	nan	0.000000e+00
33.953210	nan	0.000000e+00
33.978205	nan	0.000000e+00
34.003200	nan	0.000000e+00
34.028195	nan	0.000000e+00
34.053190	nan	0.000000e+00
34.078185	nan	0.000000e+00
34.103180	nan	0.000000e+00
34.128175	nan	0.000000e+00
34.153170	nan	0.000000e+00
34.178165	nan	0.000000e+00
34.203160	nan	0.000000e+00
34.228155	nan	0.000000e+00
34.253150	nan	0.000000e+00
34.278145	nan	0.000000e+00
34.303140	nan	0.000000e+00
34.328135	nan	0.000000e+00
34.353130	nan	0.000000e+00
34.378125	nan	0.000000e+00
34.403120	nan	0.000000e+00
34.428115	nan	0.000000e+00
34.453110	nan	0.000000e+00
34.478105	nan	0.000000e+00
34.503100	nan	0.000000e+00
34.528095	nan	0.000000e+00
34.553090	nan	0.000000e+00
34.578085	nan	0.000000e+00
34.603080	nan	0.000000e+00
34.628075	nan	0.000000e+00
34.653070	nan	0.000000e+00
34.678065	nan	0.000000e+00
34.703060	nan	0.000000e+00
34.728055	nan	0.000000e+00
34.753050	nan	0.000000e+00
34.778045	nan	0.000000e+00
34.803040	nan	0.000000e+00
34.828035	nan	0.000000e+00
34.853030	nan	0.000000e+00
34.878025	nan	0.000000e+00
34.903020	nan	0.000000e+00
34.928015	nan	0.000000e+00
34.953010	nan	0.000000e+00
34.978005	nan	0.000000e+00
35.003000	nan	0.000000e+00
35.027995	nan	0.000000e+00
35.052990	nan	0.000000e+00
35.077985	nan	0.000000e+00
35.102980	nan	0.000000e+00
35.127975	nan	0.000000e+00
35.152970	nan	0.000000e+00
35.177965	nan	0.000000e+00
35.202960	nan	0.000000e+00
35.227955	nan	0.000000e+00
35.252950	nan	0.000000e+00
35.277945	nan	0.000000e+00
35.302940	nan	0.000000e+00
35.327935	nan	0.000000e+00
35.352930	nan	0.000000e+00
35.377925	nan	0.000000e+00
35.402920	nan	0.000000e+00
35.427915	nan	0.000000e+00
35.452910	nan	0.000000e+00
35.477905	nan	0.000000e+00
35.502900	nan	0.000000e+00
35.527895	nan	0.000000e+00
35.552890	nan	0.000000e+00
35.577885	nan	0.000000e+00
35.602880	nan	0.000000e+00
35.627875	nan	0.000000e+00
35.652870	nan	0.000000e+00
35.677865	nan	0.000000e+00
35.702860	nan	0.000000e+00
35.727855	nan	0.000000e+00
35.752850	nan	0.000000e+00
35.777845	nan	0.000000e+00
35.802840	nan	0.000000e+00
35.827835	nan	0.000000e+00
35.852830	nan	0.000000e+00
35.877825	nan	0.000000e+00
35.902820	nan	0.000000e+00
35.927815	nan	0.000000e+00
35.952810	nan	0.000000e+00
35.977805	nan	0.000000e+00
36.002800	nan	0.000000e+00
36.027795	nan	0.000000e+00
36.052790	nan	0.000000e+00
36.077785	nan	0.000000e+00
36.102780	nan	0.000000e+00
36.127775	nan	0.000000e+00
36.152770	nan	0.000000e+00
36.177765	nan	0.000000e+00
36.202760	nan	0.000000e+00
36.227755	nan	0.000000e+00
36.252750	nan	0.000000e+00
36.277745	nan	0.000000e+00
36.302740	nan	0.000000e+00
36.327735	nan	0.000000e+00
36.352730	nan	0.000000e+00
36.377725	nan	0.000000e+00
36.402720	nan	0.000000e+00
36.427715	nan	0.000000e+00
36.452710	nan	0.000000e+00
36.477705	nan	0.000000e+00
36.502700	nan	0.000000e+00
36.527695	nan	0.000000e+00
36.552690	nan	0.000000e+00
36.577685	nan	0.000000e+00
36.602680	nan	0.000000e+00
36.627675	nan	0.000000e+00
36.652670	nan	0.000000e+00
36.677665	nan	0.000000e+00
36.702660	nan	0.000000e+00
36.727655	nan	0.000000e+00
36.752650	nan	0.000000e+00
36.777645	nan	0.000000e+00
36.802640	nan	0.000000e+00
36.827635	nan	0.000000e+00
36.852630	nan	0.000000e+00
36.877625	nan	0.000000e+00
36.902620	nan	0.000000e+00
36.927615	nan	0.000000e+00
36.952610	nan	0.000000e+00
36.977605	nan	0.000000e+00
37.002600	nan	0.000000e+00
37.027595	nan	0.000000e+00
37.052590	nan	0.000000e+00
37.077585	nan	0.000000e+00
37.102580	nan	0.000000e+00
37.127575	nan	0.000000e+00
37.152570	nan	0.000000e+00
37.177565	nan	0.000000e+00
37.202560	nan	0.000000e+00
37.227555	nan	0.000000e+00
37.252550	nan	0.000000e+00
37.277545	nan	0.000000e+00
37.302540	nan	0.000000e+00
37.327535	nan	0.000000e+00
37.352530	nan	0.000000e+00
37.377525	nan	0.000000e+00
37.402520	nan	0.000000e+00
37.427515	nan	0.000000e+00
37.452510	nan	0.000000e+00
37.477505	nan	0.000000e+00
37.502500	nan	0.000000e+00
37.527495	nan	0.000000e+00
37.552490	nan	0.000000e+00
37.577485	nan	0.000000e+00
37.602480	nan	0.000000e+00
37.627475	nan	0.000000e+00
37.652470	nan	0.000000e+00
37.677465	nan	0.000000e+00
37.702460	nan	0.000000e+00
37.727455	nan	0.000000e+00
37.752450	nan	0.000000e+00
37.777445	nan	0.000000e+00
37.802440	nan	0.000000e+00
37.827435	nan	0.000000e+00
37.852430	nan	0.000000e+00
37.877425	nan	0.000000e+00
37.902420	nan	0.000000e+00
37.927415	nan	0.000000e+00
37.952410	nan	0.000000e+00
37.977405	nan	0.000000e+00
38.002400	nan	0.000000e+00
38.027395	nan	0.000000e+00
38.052390	nan	0.000000e+00
38.077385	nan	0.000000e+00
38.102380	nan	0.000000e+00
38.127375	nan	0.000000e+00
38.152370	nan	0.000000e+00
38.177365	nan	0.000000e+00
38.202360	nan	0.000000e+00
38.227355	nan	0.000000e+00
38.252350	nan	0.000000e+00
38.277345	nan	0.000000e+00
38.302340	nan	0.000000e+00
38.327335	nan	0.000000e+00
38.352330	nan	0.000000e+00
38.377325	nan	0.000000e+00
38.402320	nan	0.000000e+00
38.427315	nan	0.000000e+00
38.452310	nan	0.000000e+00
38.477305	nan	0.000000e+00
38.502300	nan	0.000000e+00
38.527295	nan	0.000000e+00
38.552290	nan	0.000000e+00
38.577285	nan	0.000000e+00
38.602280	nan	0.000000e+00
38.627275	nan	0.000000e+00
38.652270	nan	0.000000e+00
38.677265	nan	0.000000e+00
38.702260	nan	0.000000e+00
38.727255	nan	0.000000e+00
38.752250	nan	0.000000e+00
38.777245	nan	0.000000e+00
38.802240	nan	0.000000e+00
38.827235	nan	0.000000e+00
38.852230	nan	0.000000e+00
38.877225	nan	0.000000e+00
38.902220	nan	0.000000e+00
38.927215	nan	0.000000e+00
38.952210	nan	0.000000e+00
38.977205	nan	0.000000e+00
39.002200	nan	0.000000e+00
39.027195	nan	0.000000e+00
39.052190	nan	0.000000e+00
39.077185	nan	0.000000e+00
39.102180	nan	0.000000e+00
39.127175	nan	0.000000e+00
39.152170	nan	0.000000e+00
39.177165	nan	0.000000e+00
39.202160	nan	0.000000e+00
39.227155	nan	0.000000e+00
39.252150	nan	0.000000e+00
39.277145	nan	0.000000e+00
39.302140	nan	0.000000e+00
39.327135	nan	0.000000e+00
39.352130	nan	0.000000e+00
39.377125	nan	0.000000e+00
39.402120	nan	0.000000e+00
39.427115	nan	0.000000e+00
39.452110	nan	0.000000e+00
39.477105	nan	0.000000e+00
39.502100	nan	0.000000e+00
39.527095	nan	0.000000e+00
39.552090	nan	0.000000e+00
39.577085	nan	0.000000e+00
39.602080	nan	0.000000e+00
39.627075	nan	0.000000e+00
39.652070	nan	0.000000e+00
39.677065	nan	0.000000e+00
39.702060	nan	0.000000e+00
39.727055	nan	0.000000e+00
39.752050	nan	0.000000e+00
39.777045	nan	0.000000e+00
39.802040	nan	0.000000e+00
39.827035	nan	0.000000e+00
39.852030	nan	0.000000e+00
39.877025	nan	0.000000e+00
39.902020	nan	0.000000e+00
39.927015	nan	0.000000e+00
39.952010	nan	0.000000e+00
39.977005	nan	0.000000e+00
40.002000	nan	0.000000e+00
40.026995	nan	0.000000e+00
40.051990	nan	0.000000e+00
40.076985	nan	0.000000e+00
40.101980	nan	0.000000e+00
40.126975	nan	0.000000e+00
40.151970	nan	0.000000e+00
40.176965	nan	0.000000e+00
40.201960	nan	0.000000e+00
40.226955	nan	0.000000e+00
40.251950	nan	0.000000e+00
40.276945	nan	0.000000e+00
40.301940	nan	0.000000e+00
40.326935	nan	0.000000e+00
40.351930	nan	0.000000e+00
40.376925	nan	0.000000e+00
40.401920	nan	0.000000e+00
40.426915	nan	0.000000e+00
40.451910	nan	0.000000e+00
40.476905	nan	0.000000e+00
40.501900	nan	0.000000e+00
40.526895	nan	0.000000e+00
40.551890	nan	0.000000e+00
40.576885	nan	0.000000e+00
40.601880	nan	0.000000e+00
40.626875	nan	0.000000e+00
40.651870	nan	0.000000e+00
40.676865	nan	0.000000e+00
40.701860	nan	0.000000e+00
40.726855	nan	0.000000e+00
40.751850	nan	0.000000e+00
40.776845	nan	0.000000e+00
40.801840	nan	0.000000e+00
40.826835	nan	0.000000e+00
40.851830	nan	0.000000e+00
40.876825	nan	0.000000e+00
40.901820	nan	0.000000e+00
40.926815	nan	0.000000e+00
40.951810	nan	0.000000e+00
40.976805	nan	0.000000e+00
41.001800	nan	0.000000e+00
41.026795	nan	0.000000e+00
41.051790	nan	0.000000e+00
41.076785	nan	0.000000e+00
41.101780	nan	0.000000e+00
41.126775	nan	0.000000e+00
41.151770	nan	0.000000e+00
41.176765	nan	0.000000e+00
41.201760	nan	0.000000e+00
41.226755	nan	0.000000e+00
41.251750	nan	0.000000e+00
41.276745	nan	0.000000e+00
41.301740	nan	0.000000e+00
41.326735	nan	0.000000e+00
41.351730	nan	0.000000e+00
41.376725	nan	0.000000e+00
41.401720	nan	0.000000e+00
41.426715	nan	0.000000e+00
41.451710	nan	0.000000e+00
41.476705	nan	0.000000e+00
41.501700	nan	0.000000e+00
41.526695	nan	0.000000e+00
41.551690	nan	0.000000e+00
41.576685	nan	0.000000e+00
41.601680	nan	0.000000e+00
41.626675	nan	0.000000e+00
41.651670	nan	0.000000e+00
41.676665	nan	0.000000e+00
41.701660	nan	0.000000e+00
41.726655	nan	0.000000e+00
41.751650	nan	0.000000e+00
41.776645	nan	0.000000e+00
41.801640	nan	0.000000e+00
41.826635	nan	0.000000e+00
41.851630	nan	0.000000e+00
41.876625	nan	0.000000e+00
41.901620	nan	0.000000e+00
41.926615	nan	0.000000e+00
41.951610	nan	0.000000e+00
41.976605	nan	0.000000e+00
42.001600	nan	0.000000e+00
42.026595	nan	0.000000e+00
42.051590	nan	0.000000e+00
42.076585	nan	0.000000e+00
42.101580	nan	0.000000e+00
42.126575	nan	0.000000e+00
42.151570	nan	0.000000e+00
42.176565	nan	0.000000e+00
42.201560	nan	0.000000e+00
42.226555	nan	0.000000e+00
42.251550	nan	0.000000e+00
42.276545	nan	0.000000e+00
42.301540	nan	0.000000e+00
42.326535	nan	0.000000e+00
42.351530	nan	0.000000e+00
42.376525	nan	0.000000e+00
42.401520	nan	0.000000e+00
42.426515	nan	0.000000e+00
42.451510	nan	0.000000e+00
42.476505	nan	0.000000e+00
42.501500	nan	0.000000e+00
42.526495	nan	0.000000e+00
42.551490	nan	0.000000e+00
42.576485	nan	0.000000e+00
42.601480	nan	0.000000e+00
42.626475	nan	0.000000e+00
42.651470	nan	0.000000e+00
42.676465	nan	0.000000e+00
42.701460	nan	0.000000e+00
42.726455	nan	0.000000e+00
42.751450	nan	0.000000e+00
42.776445	nan	0.000000e+00
42.801440	nan	0.000000e+00
42.826435	nan	0.000000e+00
42.851430	nan	0.000000e+00
42.876425	nan	0.000000e+00
42.901420	nan	0.000000e+00
42.926415	nan	0.000000e+00
42.951410	nan	0.000000e+00
42.976405	nan	0.000000e+00
43.001400	nan	0.000000e+00
43.026395	nan	0.000000e+00
43.051390	nan	0.000000e+00
43.076385	nan	0.000000e+00
43.101380	nan	0.000000e+00
43.126375	nan	0.000000e+00
43.151370	nan	0.000000e+00
43.176365	nan	0.000000e+00
43.201360	nan	0.000000e+00
43.226355	nan	0.000000e+00
43.251350	nan	0.000000e+00
43.276345	nan	0.000000e+00
43.301340	nan	0.000000e+00
43.326335	nan	0.000000e+00
43.351330	nan	0.000000e+00
43.376325	nan	0.000000e+00
43.401320	nan	0.000000e+00
43.426315	nan	0.000000e+00
43.451310	nan	0.000000e+00
43.476305	nan	0.000000e+00
43.501300	nan	0.000000e+00
43.526295	nan	0.000000e+00
43.551290	nan	0.000000e+00
43.576285	nan	0.000000e+00
43.601280	nan	0.000000e+00
43.626275	nan	0.000000e+00
43.651270	nan	0.000000e+00
43.676265	nan	0.000000e+00
43.701260	nan	0.000000e+00
43.726255	nan	0.000000e+00
43.751250	nan	0.000000e+00
43.776245	nan	0.000000e+00
43.801240	nan	0.000000e+00
43.826235	nan	0.000000e+00
43.851230	nan	0.000000e+00
43.876225	nan	0.000000e+00
43.901220	nan	0.000000e+00
43.926215	nan	0.000000e+00
43.951210	nan	0.000000e+00
43.976205	nan	0.000000e+00
44.001200	nan	0.000000e+00
44.026195	nan	0.000000e+00
44.051190	nan	0.000000e+00
44.076185	nan	0.000000e+00
44.101180	nan	0.000000e+00
44.126175	nan	0.000000e+00
44.151170	nan	0.000000e+00
44.176165	nan	0.000000e+00
44.201160	nan	0.000000e+00
44.226155	nan	0.000000e+00
44.251150	nan	0.000000e+00
44.276145	nan	0.000000e+00
44.301140	nan	0.000000e+00
44.326135	nan	0.000000e+00
44.351130	nan	0.000000e+00
44.376125	nan	0.000000e+00
44.401120	nan	0.000000e+00
44.426115	nan	0.000000e+00
44.451110	nan	0.000000e+00
44.476105	nan	0.000000e+00
44.501100	nan	0.000000e+00
44.526095	nan	0.000000e+00
44.551090	nan	0.000000e+00
44.576085	nan	0.000000e+00
44.601080	nan	0.000000e+00
44.626075	nan	0.000000e+00
44.651070	nan	0.000000e+00
44.676065	nan	0.000000e+00
44.701060	nan	0.000000e+00
44.726055	nan	0.000000e+00
44.751050	nan	0.000000e+00
44.776045	nan	0.000000e+00
44.801040	nan	0.000000e+00
44.826035	nan	0.000000e+00
44.851030	nan	0.000000e+00
44.876025	nan	0.000000e+00
44.901020	nan	0.000000e+00
44.926015	nan	0.000000e+00
44.951010	nan	0.000000e+00
44.976005	nan	0.000000e+00
45.001000	nan	0.000000e+00
45.025995	nan	0.000000e+00
45.050990	nan	0.000000e+00
45.075985	nan	0.000000e+00
45.100980	nan	0.000000e+00
45.125975	nan	0.000000e+00
45.150970	nan	0.000000e+00
45.175965	nan	0.000000e+00
45.200960	nan	0.000000e+00
45.225955	nan	0.000000e+00
45.250950	nan	0.000000e+00
45.275945	nan	0.000000e+00
45.300940	nan	0.000000e+00
45.325935	nan	0.000000e+00
45.350930	nan	0.000000e+00
45.375925	nan	0.000000e+00
45.400920	nan	0.000000e+00
45.425915	nan	0.000000e+00
45.450910	nan	0.000000e+00
45.475905	nan	0.000000e+00
45.500900	nan	0.000000e+00
45.525895	nan	0.000000e+00
45.550890	nan	0.000000e+00
45.575885	nan	0.000000e+00
45.600880	nan	0.000000e+00
45.625875	nan	0.000000e+00
45.650870	nan	0.000000e+00
45.675865	nan	0.000000e+00
45.700860	nan	0.000000e+00
45.725855	nan	0.000000e+00
45.750850	nan	0.000000e+00
45.775845	nan	0.000000e+00
45.800840	nan	0.000000e+00
45.825835	nan	0.000000e+00
45.850830	nan	0.000000e+00
45.875825	nan	0.000000e+00
45.900820	nan	0.000000e+00
45.925815	nan	0.000000e+00
45.950810	nan	0.000000e+00
45.975805	nan	0.000000e+00
46.000800	nan	0.000000e+00
46.025795	nan	0.000000e+00
46.050790	nan	0.000000e+00
46.075785	nan	0.000000e+00
46.100780	nan	0.000000e+00
46.125775	nan	0.000000e+00
46.150770	nan	0.000000e+00
46.175765	nan	0.000000e+00
46.200760	nan	0.000000e+00
46.225755	nan	0.000000e+00
46.250750	nan	0.000000e+00
46.275745	nan	0.000000e+00
46.300740	nan	0.000000e+00
46.325735	nan	0.000000e+00
46.350730	nan	0.000000e+00
46.375725	nan	0.000000e+00
46.400720	nan	0.000000e+00
46.425715	nan	0.000000e+00
46.450710	nan	0.000000e+00
46.475705	nan	0.000000e+00
46.500700	nan	0.000000e+00
46.525695	nan	0.000000e+00
46.550690	nan	0.000000e+00
46.575685	nan	0.000000e+00
46.600680	nan	0.000000e+00
46.625675	nan	0.000000e+00
46.650670	nan	0.000000e+00
46.675665	nan	0.000000e+00
46.700660	nan	0.000000e+00
46.725655	nan	0.000000e+00
46.750650	nan	0.000000e+00
46.775645	nan	0.000000e+00
46.800640	nan	0.000000e+00
46.825635	nan	0.000000e+00
46.850630	nan	0.000000e+00
46.875625	nan	0.000000e+00
46.900620	nan	0.000000e+00
46.925615	nan	0.000000e+00
46.950610	nan	0.000000e+00
46.975605	nan	0.000000e+00
47.000600	nan	0.000000e+00
47.025595	nan	0.000000e+00
47.050590	nan	0.000000e+00
47.075585	nan	0.000000e+00
47.100580	nan	0.000000e+00
47.125575	nan	0.000000e+00
47.150570	nan	0.000000e+00
47.175565	nan	0.000000e+00
47.200560	nan	0.000000e+00
47.225555	nan	0.000000e+00
47.250550	nan	0.000000e+00
47.275545	nan	0.000000e+00
47.300540	nan	0.000000e+00
47.325535	nan	0.000000e+00
47.350530	nan	0.000000e+00
47.375525	nan	0.000000e+00
47.400520	nan	0.000000e+00
47.425515	nan	0.000000e+00
47.450510	nan	0.000000e+00
47.475505	nan	0.000000e+00
47.500500	nan	0.000000e+00
47.525495	nan	0.000000e+00
47.550490	nan	0.000000e+00
47.575485	nan	0.000000e+00
47.600480	nan	0.000000e+00
47.625475	nan	0.000000e+00
47.650470	nan	0.000000e+00
47.675465	nan	0.000000e+00
47.700460	nan	0.000000e+00
47.725455	nan	0.000000e+00
47.750450	nan	0.000000e+00
47.775445	nan	0.000000e+00
47.800440	nan	0.000000e+00
47.825435	nan	0.000000e+00
47.850430	nan	0.000000e+00
47.875425	nan	0.000000e+00
47.900420	nan	0.000000e+00
47.925415	nan	0.000000e+00
47.950410	nan	0.000000e+00
47.975405	nan	0.000000e+00
48.000400	nan	0.000000e+00
48.025395	nan	0.000000e+00
48.050390	nan	0.000000e+00
48.075385	nan	0.000000e+00
48.100380	nan	0.000000e+00
48.125375	nan	0.000000e+00
48.150370	nan	0.000000e+00
48.175365	nan	0.000000e+00
48.200360	nan	0.000000e+00
48.225355	nan	0.000000e+00
48.250350	nan	0.000000e+00
48.275345	nan	0.000000e+00
48.300340	nan	0.000000e+00
48.325335	nan	0.000000e+00
48.350330	nan	0.000000e+00
48.375325	nan	0.000000e+00
48.400320	nan	0.000000e+00
48.425315	nan	0.000000e+00
48.450310	nan	0.000000e+00
48.475305	nan	0.000000e+00
48.500300	nan	0.000000e+00
48.525295	nan	0.000000e+00
48.550290	nan	0.000000e+00
48.575285	nan	0.000000e+00
48.600280	nan	0.000000e+00
48.625275	nan	0.000000e+00
48.650270	nan	0.000000e+00
48.675265	nan	0.000000e+00
48.700260	nan	0.000000e+00
48.725255	nan	0.000000e+00
48.750250	nan	0.000000e+00
48.775245	nan	0.000000e+00
48.800240	nan	0.000000e+00
48.825235	nan	0.000000e+00
48.850230	nan	0.000000e+00
48.875225	nan	0.000000e+00
48.900220	nan	0.000000e+00
48.925215	nan	0.000000e+00
48.950210	nan	0.000000e+00
48.975205	nan	0.000000e+00
49.000200	nan	0.000000e+00
49.025195	nan	0.000000e+00
49.050190	nan	0.000000e+00
49.075185	nan	0.000000e+00
49.100180	nan	0.000000e+00
49.125175	nan	0.000000e+00
49.150170	nan	0.000000e+00
49.175165	nan	0.000000e+00
49.200160	nan	0.000000e+00
49.225155	nan	0.000000e+00
49.250150	nan	0.000000e+00
49.275145	nan	0.000000e+00
49.300140	nan	0.000000e+00
49.325135	nan	0.000000e+00
49.350130	nan	0.000000e+00
49.375125	nan	0.000000e+00
49.400120	nan	0.000000e+00
49.425115	nan	0.000000e+00
49.450110	nan	0.000000e+00
49.475105	nan	0.000000e+00
49.500100	nan	0.000000e+00
49.525095	nan	0.000000e+00
49.550090	nan	0.000000e+00
49.575085	nan	0.000000e+00
49.600080	nan	0.000000e+00
49.625075	nan	0.000000e+00
49.650070	nan	0.000000e+00
49.675065	nan	0.000000e+00
49.700060	nan	0.000000e+00
49.725055	nan	1.756000e-16
49.750050	nan	7.024000e-16
49.775045	nan	2.926667e-15
49.800040	nan	1.240907e-14
49.825035	nan	5.349947e-14
49.850030	nan	2.298019e-13
49.875025	nan	9.873988e-13
49.900020	nan	4.243316e-12
49.925015	nan	1.824566e-11
49.950010	nan	7.849349e-11
49.975005	nan	3.378511e-10
50.000000	nan	1.454903e-09
